Name	Probability	Cycle	Input_1	Input_2	Input_3	Input_4	Input_5	Output
X1	0.860148687	5	0 1 1 0 1	0 0 0 0 1	1 0 0 0 0	0 0 1 0 1	0 0 0 0 0	0 0 0 0 1
X2	0.445799432	5	1 0 0 0 1	1 1 1 0 0	1 1 1 0 1	1 0 0 1 0	0 0 0 0 0	1 0 0 0 0
X3	0.235668805	5	1 0 1 0 0	0 0 1 1 1	1 1 0 0 0	0 0 1 1 0	0 0 0 0 1	0 0 1 0 0
X4	0.454451908	5	1 1 1 1 1	1 0 0 1 0	1 0 1 1 0	1 0 0 1 1	0 0 1 1 0	1 0 1 1 0
X5	0.446080068	5	1 0 1 0 1	1 0 0 1 1	0 0 0 1 1	0 0 1 0 1	0 0 0 0 1	0 0 0 0 1
X6	0.944507604	5	1 0 0 1 1	1 1 0 0 1	1 0 1 1 0	0 1 0 0 1	0 1 1 0 1	1 1 0 0 1
X7	0.062855299	5	1 0 0 0 1	0 0 0 1 1	0 0 0 1 0	1 0 0 1 1	0 0 0 0 0	0 0 0 1 1
X8	0.662333895	5	0 1 0 1 1	0 1 0 0 0	0 1 1 0 0	1 0 0 1 1	1 1 0 1 0	0 1 0 1 0
X9	0.761978725	5	0 1 0 0 1	0 1 1 1 0	0 1 0 0 0	0 0 1 0 0	0 0 0 0 1	0 1 0 0 0
X10	0.942729608	5	1 0 0 1 0	0 0 1 0 1	1 1 1 1 1	0 1 1 1 1	0 1 0 0 1	0 1 1 1 1
X11	0.217628443	5	0 1 0 1 0	1 0 1 1 0	0 0 1 0 0	0 0 1 1 0	1 1 1 1 1	0 0 1 1 0
X12	0.177064222	5	1 1 0 1 1	1 1 0 0 1	1 0 1 0 0	0 0 0 0 0	1 1 0 1 1	1 1 0 0 1
X13	0.181448488	5	1 0 1 1 0	0 0 1 1 1	1 1 1 0 1	1 0 1 0 1	0 0 0 1 0	1 0 1 1 1
X14	0.654980498	5	1 1 0 1 0	0 0 1 0 0	1 1 1 1 1	0 1 1 0 1	1 1 0 0 0	1 1 1 0 0
X15	0.493823257	5	1 0 0 1 1	0 1 1 0 0	0 0 1 1 1	0 1 1 1 0	1 1 0 0 1	0 1 1 1 1
X16	0.852443439	5	1 0 0 1 0	1 0 1 0 0	0 1 1 1 1	0 0 1 1 0	1 0 0 1 0	1 0 1 1 0
X17	0.659841427	5	1 1 1 1 0	0 1 1 1 0	1 0 0 0 0	1 0 1 0 1	1 1 1 1 0	1 1 1 1 0
X18	0.524866745	5	0 1 0 1 0	0 0 0 1 0	0 1 0 1 1	1 1 0 1 1	0 1 1 0 1	0 1 0 1 1
X19	0.583462843	5	0 1 0 0 1	0 1 0 1 0	1 1 0 1 1	0 1 0 1 1	1 0 0 0 0	0 1 0 1 1
X20	0.023687072	5	0 1 1 1 1	0 1 1 0 1	0 1 0 0 0	0 1 0 1 1	1 1 0 0 0	0 1 0 0 1
X21	0.834849578	5	1 1 1 1 0	0 1 0 1 0	0 1 1 1 1	1 1 1 0 0	1 0 0 0 0	1 1 1 1 0
X22	0.905362268	5	0 1 0 1 0	1 1 1 0 1	0 1 0 1 0	1 0 1 1 0	1 1 0 1 1	1 1 0 1 0
X23	0.88471782	5	0 1 0 1 1	1 0 1 1 1	1 0 1 0 1	0 0 1 1 0	1 0 0 0 0	1 0 1 1 1
X24	0.53074608	5	0 0 1 1 1	1 1 0 1 1	1 1 1 0 0	0 0 1 1 0	0 1 0 1 1	0 1 1 1 1
X25	0.763156876	5	0 1 1 1 0	1 0 1 0 1	0 1 1 1 1	1 1 0 1 1	0 1 0 0 1	0 1 1 1 1
X26	0.185088	5	1 0 0 1 0	0 0 0 0 1	0 1 0 0 1	0 1 0 1 1	1 0 0 0 0	0 0 0 0 1
X27	0.524951609	5	0 0 0 1 0	1 0 0 0 0	1 1 0 0 0	0 1 0 0 1	1 0 1 1 1	1 0 0 0 0
X28	0.362307897	5	0 1 0 1 0	0 1 0 0 0	0 1 0 0 1	1 0 1 1 0	0 1 0 0 1	0 1 0 0 0
X29	0.466053977	5	0 0 1 0 0	0 1 1 1 0	0 1 0 0 0	1 1 1 0 1	1 1 0 1 0	0 1 1 0 0
X30	0.375936614	5	1 0 1 1 0	0 0 0 1 0	0 1 1 0 0	1 0 0 0 1	0 0 1 1 0	0 0 1 1 0
X31	0.725941814	5	0 1 1 1 1	0 1 0 1 1	1 1 0 0 0	1 0 0 0 0	0 0 0 0 0	0 1 0 0 0
X32	0.465394734	5	1 0 0 0 1	1 1 0 1 0	1 0 0 1 1	0 1 1 1 0	1 1 0 0 1	1 1 0 1 1
X33	0.303473152	5	0 1 1 1 1	1 1 1 0 1	1 0 1 0 0	1 0 0 0 1	1 1 0 1 0	1 1 1 0 1
X34	0.920984661	5	1 1 1 1 1	1 1 1 0 1	1 1 1 1 0	1 0 1 1 1	0 1 1 1 0	1 1 1 1 1
X35	0.383902732	5	0 0 1 1 1	0 1 0 0 1	1 0 0 0 1	0 0 1 0 0	1 1 0 1 1	0 0 0 0 1
X36	0.28249302	5	0 0 0 0 0	1 1 0 0 0	0 1 1 0 0	1 0 1 1 1	0 0 0 0 1	0 0 0 0 0
X37	0.166820894	5	0 0 1 0 1	0 1 1 1 0	0 1 1 1 0	0 0 0 0 0	1 1 0 1 0	0 1 1 1 0
X38	0.434226763	5	1 1 1 0 0	0 0 0 1 0	0 1 1 0 1	1 1 1 1 0	1 1 1 1 0	1 1 1 1 0
X39	0.249390352	5	1 1 1 0 0	0 1 1 1 1	1 1 1 1 1	0 1 0 1 0	0 0 1 0 0	0 1 1 1 0
X40	0.166134139	5	0 1 1 0 0	1 1 0 0 0	1 1 0 0 1	1 1 0 0 1	0 1 0 0 1	1 1 0 0 1
X41	0.456023391	5	1 1 1 0 1	1 1 0 1 1	1 1 0 0 1	0 0 1 1 1	1 0 0 0 1	1 1 0 0 1
X42	0.852040606	5	0 0 1 1 1	0 0 0 0 0	1 0 1 1 1	0 1 0 0 1	0 1 1 0 1	0 0 1 0 1
X43	0.030615492	5	1 1 1 1 1	1 1 0 0 1	1 1 0 1 0	0 0 0 1 0	0 0 1 0 1	1 1 0 1 1
X44	0.723900785	5	1 1 0 1 1	0 0 1 0 1	0 0 1 1 1	1 1 1 1 0	1 1 0 0 0	1 1 1 1 1
X45	0.919831126	5	0 1 0 0 1	1 1 1 0 1	0 0 1 1 0	1 1 0 1 1	1 1 1 1 1	1 1 1 1 1
X46	0.428452582	5	0 1 0 1 1	0 1 1 0 0	1 0 1 0 1	0 0 1 0 1	1 0 0 0 1	0 0 1 0 1
X47	0.634682412	5	1 0 1 1 0	0 0 1 1 0	0 0 1 1 1	1 1 1 0 1	0 1 0 0 1	0 0 1 1 1
X48	0.775392222	5	1 1 0 1 1	0 0 1 1 1	1 1 0 1 1	0 1 1 0 0	1 0 1 1 1	1 1 1 1 1
X49	0.96616101	5	1 1 0 1 0	1 0 0 0 1	0 0 0 0 0	0 0 0 0 1	0 0 0 0 0	0 0 0 0 0
X50	0.008231544	5	0 1 1 0 0	0 1 0 0 0	1 1 0 0 1	1 1 1 1 0	1 0 1 1 1	1 1 1 0 0
X51	0.340599007	5	1 0 1 0 1	0 0 1 1 1	1 1 1 1 0	1 0 1 1 1	0 0 0 0 0	1 0 1 1 1
X52	0.409468957	5	1 0 0 1 1	1 1 0 0 0	1 1 1 1 0	1 0 1 1 0	1 1 0 0 0	1 1 0 1 0
X53	0.412629443	5	1 1 0 1 0	1 0 1 0 0	0 1 1 0 1	1 1 0 1 0	1 1 0 1 0	1 1 0 1 0
X54	0.093998953	5	0 1 0 0 1	0 1 1 1 1	0 0 0 1 1	0 0 1 1 0	1 1 1 1 0	0 1 1 1 1
X55	0.955826605	5	0 1 1 0 0	1 0 0 1 1	0 1 1 0 0	1 1 0 0 0	1 0 0 0 1	1 1 0 0 0
X56	0.249066329	5	0 0 1 1 1	1 0 0 1 0	1 0 1 0 1	0 1 0 0 0	0 0 1 0 0	0 0 1 0 0
X57	0.432805317	5	0 1 0 1 0	1 1 0 1 1	1 0 1 1 0	1 1 0 0 0	1 1 1 1 1	1 1 0 1 0
X58	0.001260404	5	0 1 1 1 0	0 0 0 1 1	0 0 0 1 1	0 1 0 1 0	0 1 0 1 1	0 1 0 1 1
X59	0.124169519	5	0 0 0 1 1	1 1 0 1 1	1 1 0 0 1	1 1 0 1 0	0 1 0 0 0	1 1 0 1 1
X60	0.769569766	5	1 1 1 1 0	1 0 0 0 0	1 1 0 0 0	1 0 1 0 1	1 0 0 0 1	1 0 0 0 0
X61	0.145640904	5	0 0 0 1 0	1 1 0 1 1	0 1 0 0 1	0 0 0 0 0	0 0 1 1 1	0 0 0 1 1
X62	0.152043486	5	0 0 0 0 0	0 0 1 1 0	0 1 1 0 0	1 0 1 1 1	1 1 0 0 1	0 0 1 0 0
X63	0.356263778	5	0 0 1 1 1	1 0 0 0 1	0 1 1 0 0	1 0 0 1 0	1 0 1 0 1	1 0 1 0 1
X64	0.175270671	5	1 1 0 0 0	0 0 0 1 1	0 1 0 0 1	0 0 0 0 1	1 0 1 1 0	0 0 0 0 1
X65	0.838322642	5	0 0 0 1 1	1 1 1 0 1	0 1 1 1 1	1 0 0 1 0	1 0 0 1 1	1 0 0 1 1
X66	0.639914705	5	1 0 0 0 0	1 0 0 0 0	0 0 0 1 0	1 1 0 1 1	0 1 0 1 1	1 0 0 1 0
X67	0.530987729	5	1 0 0 0 0	1 1 0 1 0	1 0 1 1 1	0 0 1 0 0	0 0 0 0 1	1 0 0 0 0
X68	0.342233676	5	0 1 1 1 0	1 0 0 0 0	0 0 0 0 1	1 0 0 0 1	1 0 1 0 0	1 0 0 0 0
X69	0.539097383	5	0 1 0 1 1	0 0 0 1 0	0 1 1 1 1	0 1 0 1 0	0 0 1 0 0	0 1 0 1 0
X70	0.85694006	5	1 1 0 0 1	1 1 0 1 1	1 0 0 0 1	0 1 0 1 1	0 1 0 1 1	1 1 0 1 1
X71	0.320768487	5	1 1 1 1 1	0 0 1 1 0	1 1 0 1 0	1 0 1 0 1	1 0 0 0 0	1 0 1 1 0
X72	0.539774538	5	0 1 1 0 1	0 0 0 1 1	0 1 0 0 1	1 0 1 1 0	0 1 0 0 1	0 1 0 0 1
X73	0.038006482	5	0 0 0 1 1	1 0 0 0 1	1 1 0 0 1	1 1 1 1 0	1 1 1 0 1	1 1 0 0 1
X74	0.568722677	5	0 0 0 1 1	0 1 1 1 0	1 1 0 0 0	1 1 1 1 1	0 0 0 0 1	0 1 0 1 1
X75	0.080666606	5	0 0 0 1 0	1 1 1 1 1	0 1 0 0 0	1 1 1 1 1	1 1 1 1 0	1 1 1 1 0
X76	0.744292919	5	0 0 1 0 1	1 1 1 1 1	0 1 0 0 0	1 1 1 1 1	1 0 0 1 0	1 1 1 1 1
X77	0.002973624	5	1 1 1 1 0	1 0 0 0 1	0 1 0 0 1	0 0 0 1 1	0 1 1 0 0	0 1 0 0 1
X78	0.201671107	5	0 1 0 0 0	0 0 1 0 1	0 0 1 1 0	1 0 0 0 0	0 1 0 0 0	0 0 0 0 0
X79	0.062413429	5	0 0 1 1 0	1 0 0 1 0	1 1 0 1 0	0 0 0 0 0	0 0 1 0 0	0 0 0 1 0
X80	0.383819901	5	1 0 0 1 0	1 0 0 0 1	1 1 0 1 0	1 1 1 1 0	0 1 1 0 0	1 1 0 1 0
X81	0.426211294	5	0 1 0 0 1	1 0 0 0 1	0 1 1 1 1	1 0 1 1 0	1 0 1 0 1	1 0 1 0 1
X82	0.770941315	5	1 1 1 1 0	0 0 1 1 0	1 0 1 0 1	1 0 0 1 1	0 1 1 0 1	1 0 1 1 1
X83	0.255471929	5	0 1 0 0 0	0 1 1 0 1	0 1 0 1 1	0 1 1 1 0	0 0 1 0 1	0 1 1 0 1
X84	0.117278313	5	1 0 0 0 1	1 0 1 0 0	1 1 1 1 0	0 1 1 0 0	1 1 0 1 1	1 1 1 0 0
X85	0.153785679	5	0 0 0 1 1	1 1 0 0 1	0 1 0 0 1	1 0 0 1 1	0 1 0 1 0	0 1 0 1 1
X86	0.130022018	5	1 0 0 0 0	1 0 0 0 1	1 1 0 0 1	1 0 0 0 0	0 1 0 1 0	1 0 0 0 0
X87	0.289124148	5	1 1 1 0 0	1 1 0 1 1	0 0 0 1 1	1 0 0 1 1	1 0 1 0 0	1 0 0 1 1
X88	0.356595836	5	0 1 0 0 0	1 1 0 0 0	0 1 1 1 1	1 1 0 0 0	0 1 1 1 1	0 1 0 0 0
X89	0.472241427	5	0 1 1 1 1	1 0 1 1 1	1 1 1 1 1	0 0 0 1 1	1 0 0 1 1	1 0 1 1 1
X90	0.071365661	5	0 0 0 1 0	0 0 0 0 0	0 1 1 1 1	1 1 0 0 0	0 1 0 0 0	0 1 0 0 0
X91	0.731944085	5	1 1 1 1 0	0 0 0 1 0	0 1 1 1 0	1 1 0 1 0	0 1 0 1 1	0 1 0 1 0
X92	0.292149821	5	0 1 0 1 0	0 0 0 1 0	0 1 0 0 1	0 0 1 0 1	0 1 1 0 0	0 1 0 0 0
X93	0.659262967	5	0 0 0 0 1	1 1 0 1 0	0 0 0 0 0	0 0 0 0 1	1 0 0 0 0	0 0 0 0 0
X94	0.266269609	5	1 1 1 1 1	0 1 0 1 1	0 1 0 0 1	1 1 1 0 1	0 0 0 0 0	0 1 0 0 1
X95	0.53613177	5	1 1 1 1 1	0 1 1 1 0	0 1 0 0 1	1 1 1 1 1	0 1 0 0 0	0 1 1 1 1
X96	0.788405855	5	1 1 0 0 1	1 1 1 0 1	0 1 1 0 1	1 1 0 0 0	1 0 0 0 1	1 1 0 0 1
X97	0.601225132	5	1 0 1 1 1	1 1 1 1 0	1 0 1 1 0	0 0 0 0 1	0 1 0 0 0	1 0 1 1 0
X98	0.152103751	5	0 1 1 1 1	1 1 0 1 1	1 1 1 1 0	0 0 1 1 1	1 0 1 1 1	1 1 1 1 1
X99	0.948128741	5	1 0 0 0 0	0 1 1 0 0	1 0 1 1 1	1 0 0 0 1	0 0 0 0 0	1 0 0 0 0
X100	0.984903344	5	0 0 0 1 1	1 0 1 1 1	1 1 1 0 1	0 0 1 1 1	1 1 0 1 0	1 0 1 1 1
X101	0.665939841	5	0 1 1 0 1	1 0 0 0 1	0 0 0 0 0	0 1 1 0 1	1 0 0 0 0	0 0 0 0 1
X102	0.6418701	5	1 0 0 0 1	0 1 0 0 0	1 1 0 1 1	0 0 0 0 1	0 0 0 1 0	0 0 0 0 1
X103	0.741905093	5	1 1 1 1 1	0 1 0 1 1	1 0 0 1 0	1 1 0 1 1	0 0 0 1 0	1 1 0 1 1
X104	0.031131361	5	1 0 1 1 0	1 0 1 1 1	1 1 1 1 1	1 1 0 0 0	0 0 0 1 1	1 0 1 1 1
X105	0.453282147	5	1 0 0 1 1	0 1 0 0 1	1 1 1 0 0	1 0 1 1 0	1 1 1 0 1	1 1 1 0 1
X106	0.725098078	5	1 0 0 1 0	0 0 1 1 0	1 0 0 0 1	1 1 0 0 1	0 0 0 1 1	1 0 0 1 1
X107	0.328813413	5	1 1 1 0 1	1 1 0 0 0	0 1 0 0 1	1 1 0 0 1	1 0 1 1 0	1 1 0 0 1
X108	0.945776351	5	0 1 0 0 1	0 1 1 1 0	0 1 0 0 0	0 0 0 1 1	1 0 1 0 0	0 1 0 0 0
X109	0.733970708	5	1 1 0 1 0	1 0 1 1 0	0 1 1 1 1	0 1 1 1 0	0 0 0 1 0	0 1 1 1 0
X110	0.610134845	5	1 0 1 1 1	1 1 0 0 0	0 0 0 0 1	0 1 0 1 1	0 1 0 1 0	0 1 0 1 1
X111	0.487922118	5	0 1 1 1 0	1 0 0 1 1	1 0 0 1 0	1 1 1 1 1	1 0 1 0 1	1 0 1 1 1
X112	0.723936236	5	1 1 1 1 1	1 1 0 0 1	1 0 0 0 1	1 1 1 1 1	0 0 1 1 1	1 1 1 1 1
X113	0.359189104	5	1 0 0 1 1	0 0 1 0 0	0 1 1 1 1	0 1 0 1 1	0 1 1 1 1	0 1 1 1 1
X114	0.580649494	5	0 0 1 1 0	0 0 1 0 1	0 0 0 1 1	1 1 0 1 0	0 0 0 0 1	0 0 0 1 1
X115	0.317710114	5	0 0 0 0 0	1 1 1 1 0	1 0 1 1 0	1 1 1 0 0	1 1 1 1 1	1 1 1 1 0
X116	0.642185486	5	1 1 0 1 0	0 0 0 1 1	0 1 0 1 1	1 0 0 1 0	0 0 1 1 1	0 0 0 1 1
X117	0.363076822	5	0 0 1 1 1	0 0 1 0 0	1 0 0 1 1	0 1 1 0 0	1 0 0 0 1	0 0 1 0 1
X118	0.876962673	5	1 1 0 0 1	0 1 1 0 1	1 0 0 1 1	1 0 1 1 1	1 1 0 0 1	1 1 0 0 1
X119	0.835966571	5	1 1 1 0 0	0 0 0 0 1	0 1 1 1 0	0 0 0 1 1	0 0 0 1 0	0 0 0 1 0
X120	0.336154131	5	1 1 1 1 1	0 1 0 0 0	1 0 1 0 1	0 0 0 1 0	0 1 1 0 1	0 1 1 0 1
X121	0.073577439	5	1 1 1 0 1	0 0 0 1 1	1 0 0 0 0	0 1 1 0 0	1 1 0 1 1	1 1 0 0 1
X122	0.43805935	5	0 0 1 1 1	0 0 1 0 1	0 0 1 1 1	1 1 0 0 0	1 0 1 0 0	0 0 1 0 1
X123	0.245474233	5	1 0 1 0 1	0 0 1 1 1	1 1 1 0 0	1 0 0 1 1	0 0 0 1 0	1 0 1 1 1
X124	0.704464558	5	1 0 0 1 1	1 1 0 1 0	1 1 0 0 1	1 1 0 1 0	1 0 1 0 0	1 1 0 1 0
X125	0.642964886	5	0 0 0 1 1	0 0 0 0 0	0 1 0 1 0	1 0 1 1 1	1 1 1 1 1	0 0 0 1 1
X126	0.497879581	5	0 0 1 0 0	0 1 1 1 0	0 1 1 0 0	0 0 1 0 0	1 1 0 0 1	0 1 1 0 0
X127	0.221085737	5	1 1 0 0 1	0 1 1 1 1	0 1 1 0 1	0 1 0 0 1	1 0 1 1 0	0 1 1 0 1
X128	0.858573366	5	0 0 0 1 0	0 1 1 1 0	1 0 1 1 0	0 1 1 0 0	1 0 0 1 0	0 0 1 1 0
X129	0.692922239	5	0 1 0 0 1	1 0 0 1 0	0 0 1 0 1	0 0 0 1 0	1 1 1 0 0	0 0 0 0 0
X130	0.027324433	5	0 1 0 0 1	0 1 1 0 0	0 0 0 0 1	1 0 0 1 1	1 0 0 0 1	0 0 0 0 1
X131	0.174883413	5	0 1 0 0 0	0 0 0 1 1	0 1 0 1 0	1 1 1 0 1	0 1 1 1 1	0 1 0 1 1
X132	0.799185565	5	1 1 0 0 0	0 1 1 1 1	1 1 1 0 0	0 1 0 1 1	0 0 0 0 1	0 1 0 0 1
X133	0.31845148	5	1 0 1 1 1	0 0 1 0 1	1 1 1 0 0	0 1 1 0 0	0 0 0 1 1	0 0 1 0 1
X134	0.626613957	5	1 0 0 0 0	0 1 0 0 1	0 0 0 0 0	1 0 0 0 1	0 1 1 1 0	0 0 0 0 0
X135	0.040952878	5	1 1 1 1 1	0 0 0 0 0	1 1 0 1 0	1 1 1 0 0	0 0 1 1 1	1 1 1 1 0
X136	0.529896923	5	1 1 1 0 0	1 0 0 1 1	1 1 1 0 0	1 0 1 1 1	1 1 0 0 1	1 1 1 0 1
X137	0.702436148	5	1 0 0 1 0	0 1 1 1 0	1 1 0 0 1	0 0 1 1 1	1 1 1 0 0	1 1 1 1 0
X138	0.124557256	5	0 1 1 0 0	0 0 0 0 1	0 0 0 0 1	1 0 0 0 0	1 1 1 0 1	0 0 0 0 1
X139	0.913174877	5	1 0 1 1 0	0 0 1 0 0	1 0 0 0 0	0 0 0 0 0	0 1 1 1 0	0 0 1 0 0
X140	0.088161966	5	1 1 0 0 0	1 0 0 1 1	0 0 0 1 0	0 0 0 1 1	0 0 0 0 0	0 0 0 1 0
X141	0.543097541	5	1 0 1 0 0	1 0 1 1 0	0 1 1 1 1	1 1 0 1 1	0 0 1 1 1	1 0 1 1 1
X142	0.528899295	5	1 1 1 0 0	0 1 0 0 1	1 1 0 0 1	1 1 0 0 1	0 1 0 1 1	1 1 0 0 1
X143	0.894235316	5	0 0 1 0 0	0 1 0 1 1	1 1 1 0 0	1 1 0 0 0	0 1 1 0 0	0 1 1 0 0
X144	0.1590073	5	0 0 1 0 0	1 0 0 0 0	0 0 0 0 1	0 1 1 0 1	0 1 0 0 1	0 0 0 0 1
X145	0.267814706	5	0 1 0 1 1	1 1 1 0 1	0 0 1 1 1	0 1 1 0 1	0 0 0 0 1	0 1 1 0 1
X146	0.613937766	5	0 1 0 0 1	1 1 0 1 1	1 0 0 1 0	0 1 1 0 1	0 1 1 0 1	0 1 0 0 1
X147	0.3006757	5	0 1 1 1 0	0 1 0 0 0	0 1 0 0 0	0 1 0 0 1	0 1 1 1 1	0 1 0 0 0
X148	0.141105978	5	1 1 1 1 0	1 1 0 1 0	0 1 0 0 0	0 0 0 0 1	1 0 1 1 1	1 1 0 1 0
X149	0.629471122	5	1 0 1 0 0	0 1 0 0 1	1 1 0 1 1	0 1 0 1 0	0 1 0 1 0	0 1 0 1 0
X150	0.599697527	5	0 1 0 1 1	0 1 0 0 0	1 1 1 0 0	0 0 1 0 0	1 0 0 0 1	0 1 0 0 0
X151	0.731176534	5	1 1 0 1 1	0 1 1 1 1	0 0 1 1 1	1 0 0 0 0	0 1 1 1 0	0 1 1 1 1
X152	0.548009149	5	0 1 0 1 1	0 1 0 0 0	0 0 1 1 1	1 0 0 1 1	0 0 0 0 0	0 0 0 1 1
X153	0.760606413	5	0 0 1 1 1	0 0 0 1 1	0 1 1 1 0	1 1 0 0 1	1 1 0 1 1	0 1 0 1 1
X154	0.451503855	5	1 0 0 1 0	1 0 0 1 1	0 1 1 1 1	1 1 1 1 0	0 1 0 1 1	1 1 0 1 1
X155	0.28805212	5	1 0 0 0 0	1 0 1 1 0	0 0 0 0 0	1 1 0 0 0	0 1 1 0 0	1 0 0 0 0
X156	0.052959329	5	0 1 1 1 0	1 1 0 1 0	0 1 0 1 1	1 1 1 0 1	0 0 1 1 0	0 1 1 1 0
X157	0.42007939	5	0 0 1 1 0	0 1 1 1 0	1 0 0 1 1	0 1 0 1 1	0 0 1 1 1	0 0 1 1 1
X158	0.455920464	5	1 0 1 1 0	0 0 1 0 1	0 1 1 1 0	1 1 1 0 0	0 0 1 0 1	0 0 1 0 0
X159	0.126590227	5	0 1 1 0 1	1 0 0 1 0	1 1 0 0 1	1 1 0 0 0	1 1 0 1 1	1 1 0 0 1
X160	0.680153241	5	1 0 0 1 1	0 1 0 1 0	0 0 1 1 0	1 0 0 0 0	1 0 0 1 0	1 0 0 1 0
X161	0.007284209	5	1 0 1 0 1	1 0 1 0 1	0 0 0 1 1	1 0 1 0 1	1 1 1 1 1	1 0 1 0 1
X162	0.011433256	5	1 1 0 1 0	1 1 0 1 1	0 1 0 0 0	0 0 0 0 0	0 1 0 0 0	0 1 0 0 0
X163	0.539070545	5	1 0 1 0 0	0 1 1 0 1	0 0 1 1 1	1 0 1 0 1	0 0 1 0 1	0 0 1 0 1
X164	0.692261693	5	1 0 0 1 0	0 0 1 0 1	1 1 0 1 0	1 0 1 0 1	0 0 0 1 1	1 0 0 1 1
X165	0.255508507	5	1 0 1 0 0	1 1 0 0 0	1 1 1 0 0	1 1 1 1 1	0 1 1 0 0	1 1 1 0 0
X166	0.587454271	5	1 1 1 0 0	1 0 1 1 0	1 0 0 0 0	1 1 1 0 0	0 1 0 0 0	1 1 1 0 0
X167	0.243141458	5	0 0 1 1 1	1 1 0 0 1	1 0 0 1 1	0 1 0 0 1	0 0 1 1 1	0 0 0 1 1
X168	0.004204879	5	1 0 1 0 0	1 1 1 0 0	0 1 1 1 1	0 1 0 0 1	0 0 1 1 0	0 1 1 0 0
X169	0.065199653	5	0 0 1 0 1	0 1 0 0 1	0 0 1 0 0	1 1 1 1 0	1 0 1 0 0	0 0 1 0 0
X170	0.159990388	5	0 0 0 1 1	1 1 0 1 1	0 0 1 1 1	0 0 1 1 1	0 0 0 0 1	0 0 0 1 1
X171	0.019210245	5	1 1 0 0 0	0 0 0 1 0	1 0 1 1 1	0 1 0 1 0	1 1 0 1 1	1 1 0 1 0
X172	0.687262258	5	1 1 1 0 0	0 0 0 0 1	1 1 0 0 1	0 0 0 0 0	1 1 1 1 1	1 1 0 0 1
X173	0.565697124	5	0 1 0 0 0	1 0 0 1 1	1 0 1 1 0	1 0 1 0 1	0 1 1 0 1	1 0 1 0 1
X174	0.948869203	5	0 0 0 0 0	1 1 1 0 0	1 0 1 0 0	0 0 1 1 1	0 1 0 1 0	0 0 1 0 0
X175	0.541703618	5	1 0 0 0 0	0 0 0 1 1	1 1 0 1 1	1 0 1 1 0	1 0 0 1 1	1 0 0 1 1
X176	0.873011029	5	1 1 0 1 1	1 1 1 1 0	0 1 1 1 1	1 1 1 0 1	0 0 0 0 1	1 1 1 1 1
X177	0.093042767	5	1 1 0 1 1	1 1 1 0 0	1 1 1 1 0	0 0 0 1 0	1 0 0 0 0	1 1 0 1 0
X178	0.738000276	5	0 0 0 0 0	1 1 1 1 0	1 0 1 0 0	1 0 0 1 1	0 0 1 0 1	1 0 1 0 0
X179	0.218756398	5	1 0 1 1 1	1 1 0 1 0	1 1 1 1 0	0 1 1 0 0	0 1 1 1 1	1 1 1 1 0
X180	0.001625098	5	0 0 0 0 1	1 1 0 1 0	0 1 1 0 1	0 1 0 0 1	0 0 0 0 0	0 1 0 0 1
X181	0.289841697	5	0 1 1 1 1	1 1 0 1 1	1 1 0 0 1	0 1 0 0 1	0 0 0 0 0	0 1 0 0 1
X182	0.898251277	5	1 0 0 0 1	1 1 0 0 1	1 1 0 1 0	0 1 0 0 1	0 1 1 1 1	1 1 0 0 1
X183	0.545311782	5	1 1 0 1 1	1 1 1 1 1	0 0 1 0 1	0 1 1 1 1	0 0 0 1 0	0 1 1 1 1
X184	0.445491193	5	0 1 1 1 0	0 0 1 0 1	1 1 1 1 1	1 1 0 0 1	0 0 1 1 1	0 1 1 1 1
X185	0.466519138	5	0 1 0 0 1	1 0 1 0 1	0 1 0 1 1	0 0 0 1 0	0 0 0 1 1	0 0 0 1 1
X186	0.79514123	5	0 1 0 1 0	1 0 1 0 1	1 0 1 1 0	1 0 0 1 1	0 1 0 1 1	1 0 0 1 1
X187	0.019002785	5	0 0 1 0 0	1 0 1 1 0	1 1 0 0 0	0 1 1 1 0	1 1 0 0 1	1 1 1 0 0
X188	0.09016441	5	1 1 0 0 0	0 0 1 0 1	1 0 0 1 1	0 0 0 0 1	0 0 1 0 0	0 0 0 0 1
X189	0.000380318	5	1 0 1 1 1	1 0 1 0 0	1 0 1 0 1	0 1 1 0 0	1 1 0 1 0	1 0 1 0 0
X190	0.054543902	5	1 0 0 1 0	1 0 1 0 0	1 0 1 1 0	1 1 0 1 0	1 0 0 1 0	1 0 0 1 0
X191	0.02978141	5	1 0 0 1 0	0 0 1 0 1	1 1 1 1 0	1 0 1 1 1	0 1 1 1 0	1 0 1 1 0
X192	0.353282801	5	1 0 1 1 1	0 1 1 1 1	1 1 1 0 1	1 0 0 1 1	0 0 1 0 0	1 0 1 1 1
X193	0.046579969	5	0 0 1 0 0	0 1 1 1 0	0 0 0 0 0	1 1 1 0 0	1 0 0 0 1	0 0 1 0 0
X194	0.855932142	5	1 1 1 0 1	0 1 0 0 0	1 0 0 1 1	0 0 1 1 0	1 0 1 0 1	1 0 1 0 1
X195	0.226351339	5	1 0 0 1 1	0 0 1 1 1	1 1 1 1 1	0 0 0 1 0	1 0 1 0 0	1 0 1 1 1
X196	0.619644706	5	0 1 0 1 0	1 0 1 1 1	0 1 1 0 0	0 1 1 0 1	0 1 0 0 0	0 1 1 0 0
X197	0.83343677	5	1 0 1 0 1	0 1 1 1 1	1 1 0 0 0	0 0 0 1 1	0 1 1 1 1	0 1 1 1 1
X198	0.901658381	5	1 1 1 1 0	1 0 1 1 0	1 1 1 1 0	1 1 0 0 0	1 1 0 0 1	1 1 1 1 0
X199	0.998357675	5	1 1 1 1 0	0 1 0 0 1	0 1 1 1 0	1 1 1 0 1	1 0 1 1 1	1 1 1 1 1
X200	0.990555785	5	1 0 0 1 0	1 1 0 1 1	0 1 0 0 1	0 1 0 0 0	1 1 1 1 1	1 1 0 1 1
X201	0.897326979	5	0 0 1 0 0	1 0 1 0 1	0 1 1 1 0	0 0 0 1 0	0 1 0 0 1	0 0 1 0 0
X202	0.091372353	5	0 0 0 0 0	0 0 1 0 1	1 1 1 1 1	1 0 1 0 1	1 0 0 1 0	1 0 1 0 1
X203	0.565615923	5	0 1 0 0 0	1 0 0 1 0	1 0 1 1 1	1 1 1 0 0	0 1 1 0 0	1 1 1 0 0
X204	0.071997442	5	0 0 0 1 0	0 0 0 1 1	0 0 0 1 1	0 0 0 0 0	0 0 0 1 1	0 0 0 1 1
X205	0.164931411	5	1 1 0 1 1	1 0 1 0 1	0 0 1 0 1	1 0 0 1 0	0 0 1 0 1	1 0 1 0 1
X206	0.003199688	5	1 0 0 0 1	0 1 0 0 0	1 1 0 0 1	0 0 0 0 0	1 0 1 0 1	1 0 0 0 1
X207	0.877288673	5	1 1 0 1 0	0 0 1 0 0	0 1 0 1 1	1 1 1 1 1	1 0 1 1 1	1 1 1 1 1
X208	0.053238501	5	1 0 0 1 1	1 1 0 0 0	0 1 0 1 1	1 1 0 0 0	0 1 1 1 1	1 1 0 1 1
X209	0.102791837	5	0 0 0 1 0	1 1 0 1 1	1 0 1 1 0	0 1 1 1 1	1 1 1 1 0	1 1 1 1 0
X210	0.917300156	5	0 0 1 0 0	1 1 0 0 1	0 0 0 1 1	1 0 1 0 1	1 1 1 1 1	1 0 1 0 1
X211	0.25695473	5	0 0 0 1 1	1 1 1 0 1	0 1 0 0 0	1 0 0 0 1	1 0 0 0 0	1 0 0 0 1
X212	0.268635041	5	1 0 0 1 1	1 0 0 1 0	1 0 1 1 1	1 0 0 1 1	1 0 0 0 0	1 0 0 1 1
X213	0.441473297	5	1 1 1 1 1	0 1 1 0 0	0 1 0 1 1	1 1 1 1 0	0 0 0 0 0	0 1 1 1 0
X214	0.622220122	5	1 0 0 0 1	0 0 1 1 0	1 1 0 0 1	1 1 1 1 0	1 0 1 0 1	1 0 1 0 1
X215	0.210015487	5	1 0 0 0 0	0 0 1 1 1	1 1 0 1 0	1 1 1 1 0	0 1 1 0 0	1 1 1 1 0
X216	0.340118023	5	0 0 0 1 1	1 1 0 0 0	1 1 0 1 1	1 1 1 1 1	0 0 1 0 0	1 1 0 1 1
X217	0.76808019	5	0 1 1 1 1	0 1 1 0 0	1 0 1 0 0	1 0 0 0 0	0 0 0 0 1	0 0 1 0 0
X218	0.145313542	5	0 1 0 1 0	0 1 1 1 1	0 0 0 1 1	1 0 1 0 1	1 0 0 1 1	0 0 0 1 1
X219	0.781732634	5	1 1 1 1 1	1 1 0 0 1	1 1 1 0 0	1 0 1 0 1	1 1 1 1 0	1 1 1 0 1
X220	0.674198574	5	1 0 0 1 0	1 1 1 0 1	1 1 0 1 0	0 0 1 1 0	1 1 1 0 1	1 1 1 1 0
X221	0.120037442	5	0 0 0 1 1	0 1 1 1 0	0 1 0 0 1	1 0 1 1 1	0 0 1 1 1	0 0 1 1 1
X222	0.745565894	5	0 1 1 0 0	0 0 0 1 1	1 0 0 1 1	0 1 1 1 1	1 1 1 1 0	0 1 1 1 1
X223	0.314141454	5	0 1 1 1 1	0 0 0 0 0	1 1 1 1 0	1 0 1 0 0	1 0 0 1 0	1 0 1 1 0
X224	0.942335407	5	0 1 0 1 0	0 1 0 0 0	0 1 1 0 1	0 0 0 0 0	0 1 0 1 0	0 1 0 0 0
X225	0.021376535	5	0 0 0 0 0	0 0 1 0 0	1 0 1 1 0	0 1 0 0 0	1 0 1 0 1	0 0 1 0 0
X226	0.142983992	5	0 1 0 0 1	0 1 1 0 1	0 0 0 0 0	0 0 1 1 0	0 1 1 0 1	0 1 1 0 1
X227	0.487663522	5	0 0 1 0 1	0 0 0 0 0	1 0 1 0 1	1 0 0 0 0	0 1 0 1 0	0 0 0 0 0
X228	0.621607313	5	0 0 1 1 0	1 0 1 0 1	1 1 1 0 0	0 1 1 0 1	0 1 0 1 1	0 1 1 0 1
X229	0.08971902	5	1 1 1 0 1	1 0 1 1 0	1 0 1 0 0	1 0 1 0 1	1 0 0 0 1	1 0 1 0 1
X230	0.87579327	5	1 0 0 1 0	1 1 1 1 1	1 1 1 1 0	1 0 1 1 0	0 0 1 0 0	1 0 1 1 0
X231	0.963924273	5	1 1 0 1 0	1 0 1 0 1	0 0 0 1 1	1 1 0 0 1	0 1 1 1 1	1 1 0 1 1
X232	0.811976895	5	0 0 0 0 0	1 1 1 1 0	0 1 1 1 0	0 0 0 0 0	0 0 0 0 0	0 0 0 0 0
X233	0.727708147	5	0 0 1 0 0	1 0 1 1 0	1 0 1 1 1	1 0 1 0 1	1 1 0 0 0	1 0 1 0 0
X234	0.227612572	5	1 1 0 1 1	0 1 1 1 0	0 1 1 0 1	0 0 1 1 1	1 0 1 0 1	0 1 1 1 1
X235	0.787552734	5	0 0 1 0 1	1 0 1 0 0	1 1 1 0 0	0 1 0 1 1	0 0 1 1 1	0 0 1 0 1
X236	0.994966686	5	1 1 1 1 1	0 0 0 1 0	1 0 1 1 1	1 0 0 1 1	0 0 0 0 1	1 0 0 1 1
X237	0.673676033	5	1 1 1 0 1	1 1 1 0 1	1 0 1 1 0	1 1 1 0 0	0 1 1 0 0	1 1 1 0 0
X238	0.825613621	5	1 1 1 0 0	0 1 0 1 0	0 0 1 1 0	0 0 0 1 0	1 1 1 1 1	0 1 1 1 0
X239	0.312833826	5	0 0 1 0 0	0 0 1 0 1	1 0 1 1 0	1 1 0 1 1	0 1 1 1 0	0 0 1 1 0
X240	0.256114308	5	0 1 1 0 0	1 0 0 0 0	0 0 1 1 1	1 0 0 0 0	1 0 1 1 1	1 0 1 0 0
X241	0.544930657	5	1 1 0 0 1	0 0 1 0 0	0 1 0 0 1	0 1 1 0 1	1 0 0 0 1	0 1 0 0 1
X242	0.494595866	5	0 1 1 0 1	1 0 1 0 0	1 1 1 1 1	1 1 1 1 1	1 1 0 0 1	1 1 1 0 1
X243	0.730233471	5	1 0 0 0 1	1 1 0 1 0	1 0 1 1 1	1 0 0 0 1	0 0 0 0 1	1 0 0 0 1
X244	0.553503825	5	1 1 1 1 1	1 1 1 1 1	1 1 0 0 1	0 0 0 1 0	0 0 1 1 1	1 1 1 1 1
X245	0.533983355	5	0 1 0 1 0	0 0 1 0 0	0 0 0 0 1	1 1 1 1 1	1 1 1 0 1	0 1 1 0 1
X246	0.042632576	5	1 0 1 0 0	0 0 0 1 0	1 0 0 0 1	0 0 0 0 0	0 0 0 0 0	0 0 0 0 0
X247	0.028937704	5	1 1 0 1 1	0 1 0 1 0	0 0 0 0 1	0 1 1 0 0	0 0 1 1 1	0 1 0 1 1
X248	0.738078217	5	0 1 1 1 1	1 1 1 0 1	0 0 1 0 0	0 0 0 1 1	1 0 1 1 1	0 0 1 1 1
X249	0.128192695	5	1 0 0 0 1	0 0 1 0 0	0 0 0 0 1	0 0 1 1 0	0 0 1 0 0	0 0 1 0 0
X250	0.568480195	5	1 0 0 1 1	1 1 0 1 1	0 1 1 1 1	1 1 1 0 1	1 1 1 0 1	1 1 1 1 1
X251	0.845888667	5	0 1 0 0 0	1 0 1 1 1	1 1 0 0 0	1 0 0 1 1	1 1 1 1 0	1 1 0 1 0
X252	0.296605214	5	1 0 1 1 0	0 0 1 0 0	1 0 1 1 1	0 1 0 0 0	0 1 0 1 0	0 0 1 1 0
X253	0.575347556	5	1 1 0 0 1	0 0 1 0 0	0 0 0 0 0	0 1 0 1 0	0 1 0 0 0	0 1 0 0 0
X254	0.421870823	5	0 1 1 0 0	0 1 0 1 0	1 1 1 1 0	1 1 1 1 1	0 0 0 0 1	0 1 1 1 0
X255	0.021640882	5	0 1 0 0 1	1 1 1 1 1	1 1 1 0 0	0 0 0 1 1	1 1 0 0 1	1 1 0 0 1
X256	0.747222944	5	1 0 1 0 0	0 1 0 0 0	0 0 1 1 0	0 0 1 0 0	1 0 0 1 0	0 0 1 0 0
X257	0.432476185	5	1 1 0 0 1	1 1 1 1 0	1 1 1 1 0	0 0 1 1 0	0 1 0 1 1	1 1 1 1 0
X258	0.938522265	5	0 1 0 1 1	1 1 1 0 0	0 0 1 0 0	1 1 1 1 1	1 0 0 0 1	1 1 1 0 1
X259	0.64582527	5	1 0 0 1 1	0 1 0 0 1	0 0 1 1 0	0 0 1 0 1	0 1 1 1 1	0 0 1 1 1
X260	0.405356943	5	0 0 1 0 1	1 1 1 0 0	1 1 0 0 0	0 1 1 0 1	0 1 1 1 1	0 1 1 0 1
X261	0.001282072	5	1 0 0 1 1	1 0 0 0 1	0 0 1 1 0	0 1 0 0 0	1 0 0 1 0	1 0 0 1 0
X262	0.648366684	5	0 0 0 0 1	1 0 1 1 0	0 0 0 0 0	1 0 1 1 0	1 0 0 1 1	1 0 0 1 0
X263	0.252165389	5	0 0 1 0 0	0 1 0 1 0	1 0 1 0 1	1 0 0 1 1	0 0 1 0 0	0 0 1 0 0
X264	0.958220723	5	1 1 1 0 1	1 0 0 0 1	1 1 0 1 0	1 0 0 1 1	1 1 0 0 0	1 1 0 0 1
X265	0.805799071	5	1 1 0 0 0	0 1 1 0 1	1 1 0 1 1	0 0 1 1 1	1 1 1 0 1	1 1 1 0 1
X266	0.277368728	5	0 0 0 0 0	1 1 0 1 1	1 0 1 1 0	1 0 1 1 1	0 1 0 1 1	1 0 0 1 1
X267	0.093561639	5	1 1 0 1 0	1 1 1 1 1	0 0 1 0 1	0 0 1 1 1	1 1 0 0 1	1 1 1 1 1
X268	0.301610999	5	0 1 0 0 0	1 0 0 1 0	1 0 0 1 1	0 0 0 1 0	0 1 0 0 0	0 0 0 1 0
X269	0.385851236	5	0 1 0 1 1	0 0 0 0 1	0 1 0 0 0	1 1 0 0 0	1 1 0 1 1	0 1 0 0 1
X270	0.200503286	5	0 0 1 1 0	1 0 0 0 1	1 1 1 1 0	1 1 1 0 1	0 0 1 1 0	1 0 1 1 0
X271	0.21827336	5	0 0 1 0 1	0 0 0 1 1	0 1 1 1 0	1 1 1 0 0	0 0 0 0 1	0 0 1 0 1
X272	0.00914324	5	1 1 1 0 1	0 1 1 1 1	1 1 1 1 0	1 1 0 0 0	1 1 1 0 1	1 1 1 0 1
X273	0.443945458	5	0 0 0 0 0	1 1 1 1 0	1 1 0 0 0	0 0 1 1 1	0 0 0 0 0	0 0 0 0 0
X274	0.198356733	5	1 1 0 0 0	1 1 0 0 0	0 1 1 0 1	1 0 1 0 1	1 0 1 1 1	1 1 1 0 1
X275	0.761911879	5	0 0 1 1 1	0 0 0 1 0	1 1 1 1 1	0 0 1 0 1	0 0 0 1 1	0 0 1 1 1
X276	0.601933663	5	0 1 1 1 1	0 1 0 0 1	0 1 1 0 1	1 1 0 0 1	1 0 0 0 0	0 1 0 0 1
X277	0.146527968	5	1 0 1 1 1	0 1 1 0 1	0 1 0 0 1	1 1 0 0 1	1 1 0 0 0	1 1 0 0 1
X278	0.625792485	5	1 1 0 1 1	1 0 0 0 1	1 1 0 0 1	1 1 1 1 1	0 1 0 0 1	1 1 0 0 1
X279	0.55783366	5	0 1 1 0 0	1 1 0 0 0	0 0 1 1 1	1 0 0 1 1	0 0 0 1 0	0 0 0 1 0
X280	0.690668697	5	1 0 0 1 1	1 1 1 1 0	0 0 1 0 0	1 0 0 1 1	0 1 1 0 1	1 0 1 1 1
X281	0.35261617	5	0 0 0 0 0	0 0 0 1 1	1 0 0 1 1	0 1 0 1 0	1 0 1 1 1	0 0 0 1 1
X282	0.533076392	5	1 1 1 0 0	1 0 0 0 1	0 0 0 1 1	0 0 1 1 0	0 0 1 0 0	0 0 1 0 0
X283	0.607728282	5	0 1 1 1 1	1 0 1 0 1	0 1 0 0 0	1 0 0 0 1	0 1 1 0 1	0 1 1 0 1
X284	0.48137519	5	1 0 1 1 0	1 1 0 0 0	1 0 1 1 0	0 1 0 0 1	0 0 0 1 1	1 0 0 1 0
X285	0.163795343	5	0 1 1 0 1	0 0 1 0 0	1 1 0 0 0	0 1 1 1 0	1 0 1 1 1	0 1 1 0 0
X286	0.226104034	5	0 0 1 0 0	1 0 1 1 1	0 0 1 0 1	0 1 1 1 0	1 0 1 1 0	0 0 1 1 0
X287	0.109409242	5	1 0 0 0 0	1 0 1 0 0	0 0 0 0 0	0 1 0 1 1	1 1 1 0 1	1 0 0 0 0
X288	0.853009945	5	1 0 0 1 0	0 0 0 0 1	1 1 1 0 0	1 0 0 1 1	1 1 1 0 0	1 0 0 0 0
X289	0.622432806	5	0 0 1 1 0	1 1 0 0 0	0 1 1 0 0	1 0 0 0 1	1 1 0 1 1	1 1 0 0 0
X290	0.659870285	5	0 1 1 1 1	0 0 1 0 1	0 0 1 0 1	0 0 0 0 0	0 0 1 1 1	0 0 1 0 1
X291	0.480757061	5	1 1 1 0 0	1 1 0 0 0	0 0 1 1 1	0 1 0 1 1	1 1 1 0 0	1 1 1 0 0
X292	0.11822642	5	0 0 0 0 1	1 1 0 1 1	0 1 1 0 0	1 1 1 0 0	1 1 0 0 0	1 1 0 0 0
X293	0.955563906	5	0 0 0 0 1	0 1 1 0 1	0 1 0 1 0	0 1 0 1 0	1 0 1 0 1	0 1 0 0 1
X294	0.8690717	5	0 1 1 0 0	1 1 1 0 1	0 1 1 1 1	1 1 1 0 1	0 0 1 0 0	0 1 1 0 1
X295	0.524191166	5	0 1 0 0 0	0 1 1 1 0	0 0 0 0 0	0 1 1 0 0	1 1 1 0 1	0 1 1 0 0
X296	0.539674659	5	0 1 0 0 0	1 0 0 0 0	1 1 1 0 1	1 1 1 1 0	1 1 1 1 1	1 1 1 0 0
X297	0.382775261	5	1 0 0 0 0	1 0 0 1 0	1 0 0 0 0	1 0 1 0 1	0 0 1 1 1	1 0 0 0 0
X298	0.945327236	5	0 1 0 1 0	0 0 1 1 0	0 0 1 0 1	0 0 1 0 0	1 0 1 1 1	0 0 1 1 0
X299	0.217078251	5	0 0 1 1 0	1 0 0 0 1	0 0 0 1 0	1 0 0 0 1	1 1 0 1 1	1 0 0 1 1
X300	0.850356971	5	0 1 1 1 1	1 0 0 0 1	0 1 0 0 1	0 1 0 1 0	0 0 0 0 0	0 1 0 0 1
X301	0.539407608	5	1 1 0 0 0	1 0 0 1 0	0 1 1 1 0	0 0 1 0 1	0 1 0 0 0	0 1 0 0 0
X302	0.581594265	5	0 1 0 0 0	0 0 1 0 1	1 0 1 1 0	0 0 1 0 0	0 0 1 1 1	0 0 1 0 0
X303	0.650559912	5	0 1 1 0 0	1 0 0 1 0	1 1 1 0 0	1 0 1 1 0	0 0 1 1 0	1 0 1 1 0
X304	0.407886613	5	1 1 1 0 0	1 1 1 0 0	1 1 1 0 1	0 0 0 0 1	1 1 1 1 1	1 1 1 0 1
X305	0.912618416	5	1 1 0 0 0	0 0 0 1 1	1 0 1 0 1	0 0 1 1 1	0 0 1 1 0	0 0 1 1 1
X306	0.778336938	5	0 1 1 1 0	1 0 1 0 0	1 1 0 0 0	0 1 1 0 0	0 1 0 0 1	0 1 1 0 0
X307	0.478609586	5	1 0 0 0 0	0 0 1 0 0	0 1 1 1 1	1 1 0 1 0	1 0 0 0 1	1 0 0 0 0
X308	0.65245042	5	1 1 0 0 1	1 0 1 1 0	1 1 1 0 1	0 1 0 0 0	0 0 1 0 0	1 1 1 0 0
X309	0.481340308	5	1 1 0 1 0	0 1 1 1 1	0 0 1 0 1	0 0 1 0 0	1 1 1 1 0	0 1 1 1 0
X310	0.047394351	5	0 0 0 1 0	1 1 0 1 1	1 1 0 0 0	1 1 0 0 1	1 1 1 1 0	1 1 0 1 0
X311	0.746973088	5	1 1 0 0 0	0 0 0 1 0	0 1 1 1 1	0 0 0 0 0	0 1 1 1 1	0 1 0 1 0
X312	0.507803339	5	0 1 0 1 1	0 0 0 1 1	1 1 0 0 0	0 0 1 0 1	0 1 0 0 1	0 1 0 0 1
X313	0.722610272	5	0 0 1 1 0	0 1 0 0 1	1 1 1 0 1	1 0 0 1 1	1 0 0 0 1	1 0 0 0 1
X314	0.731183755	5	0 1 1 1 1	1 1 1 1 1	1 0 0 1 1	0 0 0 1 1	1 1 1 0 0	1 1 1 1 1
X315	0.062571647	5	0 0 1 0 1	0 0 0 1 0	0 1 1 1 0	1 1 1 0 0	0 0 1 1 0	0 0 1 1 0
X316	0.458043447	5	0 0 0 1 1	1 0 0 1 1	1 0 0 0 1	1 1 0 1 0	0 0 0 0 0	1 0 0 1 1
X317	0.466133341	5	0 0 1 1 1	0 1 1 0 0	0 0 1 1 1	0 1 1 0 1	0 0 0 0 0	0 0 1 0 1
X318	0.305912702	5	1 1 1 1 0	1 1 0 1 0	1 1 0 1 1	1 0 1 0 1	1 0 0 0 1	1 1 0 1 1
X319	0.196101296	5	0 1 0 1 0	0 0 0 1 1	1 1 0 0 1	0 1 1 0 0	0 0 0 1 1	0 1 0 1 1
X320	0.157177567	5	1 1 1 1 0	1 1 0 0 1	1 1 0 0 1	1 1 1 1 1	1 0 1 1 0	1 1 1 1 1
X321	0.777744482	5	0 0 1 1 0	1 1 0 1 0	0 1 1 0 0	0 0 0 1 1	1 0 1 1 1	0 0 1 1 0
X322	0.697781382	5	0 0 1 1 0	0 0 0 0 1	0 1 1 1 1	0 1 0 0 0	0 0 1 0 0	0 0 1 0 0
X323	0.802273779	5	0 1 0 0 0	1 0 1 0 0	1 1 1 0 0	1 0 0 0 0	0 1 1 0 1	1 1 1 0 0
X324	0.16938981	5	0 0 0 1 0	1 1 0 1 1	0 1 0 1 0	1 1 0 0 0	0 1 0 1 0	0 1 0 1 0
X325	0.821003906	5	0 1 0 1 1	0 1 0 0 0	0 1 0 0 0	0 0 1 0 1	0 1 0 0 1	0 1 0 0 1
X326	0.719038873	5	0 0 1 0 0	1 1 1 1 0	1 0 0 0 0	0 1 1 1 1	0 0 1 0 0	0 0 1 0 0
X327	0.454149059	5	0 0 0 1 0	1 0 0 1 0	1 1 1 0 0	1 1 0 0 0	0 0 0 1 1	1 0 0 1 0
X328	0.062006609	5	1 1 1 0 1	0 0 0 0 0	0 0 1 0 1	0 0 0 0 1	0 1 0 0 0	0 0 0 0 1
X329	0.88785192	5	1 0 1 1 1	0 1 1 0 1	1 0 0 1 1	0 1 0 0 0	0 1 0 0 0	0 1 0 0 1
X330	0.561219562	5	1 0 1 1 0	0 1 0 0 1	0 1 0 1 1	1 0 0 0 1	1 1 1 1 1	1 1 0 1 1
X331	0.604424789	5	0 1 1 0 0	1 1 1 0 0	0 0 0 0 1	1 0 0 1 0	0 1 0 0 0	0 1 0 0 0
X332	0.013371182	5	1 0 1 1 1	0 0 0 0 0	0 0 1 0 1	1 0 1 1 0	1 0 1 0 1	1 0 1 0 1
X333	0.890949392	5	0 0 1 1 1	1 1 1 0 0	1 1 1 0 0	1 0 0 1 1	0 1 1 0 1	1 1 1 0 1
X334	0.516682293	5	0 1 1 0 1	0 0 0 1 1	1 0 0 0 1	1 1 0 1 0	0 0 1 0 1	0 0 0 0 1
X335	0.033683561	5	0 0 0 1 1	1 1 1 0 1	0 1 0 1 0	1 0 1 0 0	0 1 0 1 1	0 1 0 1 1
X336	0.407218543	5	0 0 0 1 0	0 1 1 0 1	0 1 1 1 1	0 1 1 0 0	0 0 0 1 0	0 1 1 1 0
X337	0.436189084	5	0 1 1 1 1	0 0 0 0 0	1 0 1 0 1	0 1 1 1 1	0 0 0 1 1	0 0 1 1 1
X338	0.790221149	5	0 0 0 1 0	0 0 0 0 1	1 0 1 1 0	1 0 1 0 0	1 0 0 1 0	1 0 0 1 0
X339	0.453658193	5	0 1 1 1 1	0 1 0 0 0	1 1 0 0 0	0 0 0 0 1	0 1 0 0 0	0 1 0 0 0
X340	0.081262765	5	0 1 1 0 1	0 0 1 1 0	0 1 0 1 0	1 0 1 0 1	1 1 0 1 0	0 1 1 1 0
X341	0.801186723	5	1 1 1 0 0	0 1 0 1 0	0 1 0 1 0	0 0 1 0 0	1 0 1 0 1	0 1 1 0 0
X342	0.548051813	5	1 1 1 1 0	0 0 1 1 0	1 1 0 1 1	0 0 0 1 1	1 0 0 0 0	1 0 0 1 0
X343	0.498028177	5	1 1 0 1 0	1 1 0 0 1	0 1 0 0 0	1 1 0 1 0	0 1 1 0 0	1 1 0 0 0
X344	0.230472493	5	1 0 0 1 0	0 1 0 1 0	0 1 1 0 1	1 0 1 1 1	1 1 0 1 0	1 1 0 1 0
X345	0.423014119	5	1 1 0 1 0	1 1 1 0 1	0 1 1 1 1	1 0 0 1 0	1 0 1 1 1	1 1 1 1 1
X346	0.519539861	5	1 0 0 0 0	1 0 0 0 0	0 1 0 1 1	0 0 1 1 0	0 1 0 1 0	0 0 0 1 0
X347	0.444269463	5	0 0 0 1 1	0 0 0 1 1	0 0 0 1 1	0 0 0 0 0	1 1 0 0 0	0 0 0 1 1
X348	0.56796816	5	1 1 1 1 1	1 1 1 1 1	0 1 1 0 0	1 1 0 1 0	1 1 0 0 1	1 1 1 1 1
X349	0.983200868	5	0 0 1 1 1	0 0 1 0 0	0 0 0 1 0	0 0 0 0 1	0 0 1 0 1	0 0 1 0 1
X350	0.910914263	5	0 1 0 1 1	1 1 0 1 1	1 1 1 0 1	1 0 0 0 0	0 1 1 1 1	1 1 0 1 1
X351	0.758274307	5	0 1 0 0 0	0 0 0 0 0	0 1 1 0 0	0 0 0 0 1	1 1 0 0 0	0 1 0 0 0
X352	0.965497715	5	1 0 0 0 1	1 0 0 0 1	1 1 1 1 1	0 0 0 1 1	0 0 1 0 0	1 0 0 0 1
X353	0.378281442	5	0 0 1 0 1	1 1 1 0 0	0 1 0 1 0	1 1 1 0 1	1 0 1 1 0	1 1 1 0 0
X354	0.259060563	5	1 0 1 1 1	0 0 0 0 0	0 0 0 1 1	1 0 1 0 1	0 1 1 0 1	0 0 1 0 1
X355	0.002950483	5	0 0 0 1 1	0 1 0 0 1	1 0 1 1 1	0 1 1 0 1	0 1 1 1 1	0 1 1 1 1
X356	0.944389148	5	1 1 1 1 0	1 1 0 0 0	1 1 0 0 0	1 0 0 0 0	0 1 1 0 1	1 1 0 0 0
X357	0.864980169	5	0 0 0 1 0	0 1 1 1 1	0 1 1 1 0	1 1 1 0 0	1 1 1 0 0	0 1 1 1 0
X358	0.794555192	5	1 0 1 1 0	0 0 1 1 1	0 1 1 1 1	1 0 0 0 0	1 1 0 1 0	1 0 1 1 0
X359	0.22719631	5	0 0 0 0 0	1 0 1 0 1	1 0 1 0 0	1 1 0 1 0	0 0 0 1 1	1 0 0 0 0
X360	0.840695326	5	1 1 0 1 0	0 1 1 1 1	1 1 1 0 0	1 0 1 0 0	1 0 0 0 1	1 1 1 0 0
X361	0.765195703	5	0 1 0 0 0	0 1 1 1 0	1 1 0 1 0	0 0 0 0 1	1 1 1 0 1	0 1 0 0 0
X362	0.833659798	5	1 0 1 0 0	1 1 0 1 0	0 0 0 1 0	0 0 0 0 1	0 1 0 0 1	0 0 0 0 0
X363	0.273548655	5	0 0 0 1 0	0 1 1 1 0	1 0 1 0 1	1 0 0 1 1	0 1 1 0 0	0 0 1 1 0
X364	0.126575303	5	1 1 0 1 1	0 1 0 0 0	0 0 1 1 1	0 0 1 0 1	0 1 1 0 0	0 1 1 0 1
X365	0.519702279	5	1 0 1 0 1	1 1 1 0 0	0 0 1 1 0	1 0 1 0 0	1 1 0 0 0	1 0 1 0 0
X366	0.922762347	5	0 1 0 0 1	1 0 1 0 1	1 0 1 1 0	0 1 0 1 0	0 1 1 0 0	0 1 1 0 0
X367	0.061105326	5	0 0 1 1 1	0 0 0 1 0	0 1 1 1 1	0 0 1 0 1	1 0 0 0 0	0 0 1 1 1
X368	0.307942202	5	0 0 0 0 1	0 1 0 1 1	0 1 1 1 1	0 1 1 1 0	1 0 1 0 0	0 1 1 1 1
X369	0.480810874	5	0 1 1 0 1	1 1 0 0 1	0 0 0 1 0	0 1 0 0 0	0 0 0 0 0	0 1 0 0 0
X370	0.72779756	5	1 1 1 0 0	1 1 1 1 0	0 0 1 1 0	1 1 1 1 1	0 1 1 1 0	1 1 1 1 0
X371	0.252147862	5	0 1 1 0 0	1 1 1 0 1	1 0 1 0 1	0 0 0 0 0	0 0 1 1 1	0 0 1 0 1
X372	0.854790003	5	0 0 1 0 1	1 0 0 0 1	0 0 0 1 1	0 0 1 0 1	1 0 0 0 0	0 0 0 0 1
X373	0.377023098	5	0 0 1 1 1	0 1 1 0 0	0 1 1 1 1	1 0 1 1 1	0 0 1 1 0	0 0 1 1 1
X374	0.142625759	5	0 1 0 0 1	0 1 0 0 1	1 0 1 1 0	0 1 0 0 1	0 1 0 1 1	0 1 0 0 1
X375	0.941391184	5	1 0 1 1 1	1 0 0 0 1	0 1 0 1 0	0 1 0 1 1	0 1 1 1 1	0 1 0 1 1
X376	0.798862257	5	0 1 0 1 1	1 1 1 0 1	1 0 0 1 1	0 1 1 1 0	0 0 1 1 1	0 1 1 1 1
X377	0.810228465	5	1 1 0 1 0	0 1 0 0 1	0 1 0 1 0	0 0 0 0 1	0 1 1 0 0	0 1 0 0 0
X378	0.119824953	5	0 1 0 1 1	1 0 0 1 1	0 1 0 1 0	0 0 0 1 1	1 0 1 1 1	0 0 0 1 1
X379	0.071098635	5	1 1 1 0 0	0 1 1 1 1	0 0 1 0 1	0 1 0 1 0	1 0 1 0 1	0 1 1 0 1
X380	0.255096626	5	0 0 1 1 1	0 1 0 0 0	1 0 1 1 1	0 0 1 0 1	1 1 1 0 0	0 0 1 0 1
X381	0.25692789	5	0 1 1 0 0	0 1 1 0 1	1 1 1 1 0	1 1 1 1 0	0 0 0 0 0	0 1 1 0 0
X382	0.946153032	5	0 1 0 1 0	0 1 1 0 1	0 0 1 0 0	1 1 0 1 1	1 0 0 1 1	0 1 0 1 1
X383	0.261349538	5	1 1 1 0 0	0 0 0 1 1	1 1 1 1 0	0 1 0 1 1	1 0 0 0 0	1 1 0 1 0
X384	0.146127514	5	0 1 1 1 1	1 0 1 1 1	0 1 1 0 1	1 1 0 1 1	0 1 0 0 1	0 1 1 1 1
X385	0.368553894	5	1 0 0 1 0	1 1 1 0 0	1 0 0 0 1	1 1 0 0 1	1 0 0 0 1	1 0 0 0 1
X386	0.596436712	5	1 0 0 1 1	0 1 1 0 1	1 0 0 0 0	0 1 0 0 0	0 0 1 0 0	0 0 0 0 0
X387	0.453159399	5	1 1 1 0 0	0 0 0 1 1	0 0 1 1 0	0 0 1 1 0	1 1 1 1 1	0 0 1 1 0
X388	0.311889733	5	0 1 1 1 1	1 0 1 1 0	1 1 0 1 1	0 0 1 1 1	0 0 1 0 0	0 0 1 1 1
X389	0.420310155	5	0 0 1 0 0	0 1 1 0 0	0 0 1 1 1	0 1 1 1 1	0 0 0 1 1	0 0 1 1 1
X390	0.601202609	5	1 0 1 1 1	0 0 0 0 0	0 1 1 0 1	0 1 1 0 0	1 0 0 0 0	0 0 1 0 0
X391	0.552230641	5	1 1 0 1 0	1 1 0 1 0	0 0 0 0 1	0 0 0 0 0	0 0 0 1 1	0 0 0 1 0
X392	0.174833116	5	0 0 1 0 1	1 0 1 1 1	1 1 1 1 1	0 1 0 1 1	0 0 1 1 0	0 0 1 1 1
X393	0.133134485	5	0 0 0 0 0	0 1 0 0 1	0 1 1 1 0	0 1 0 1 1	0 1 1 0 1	0 1 0 0 1
X394	0.07228235	5	0 1 0 0 0	0 1 0 0 1	1 1 0 0 0	0 0 0 0 0	1 1 1 1 1	0 1 0 0 0
X395	0.919031186	5	0 1 0 0 1	0 1 0 1 0	0 0 1 1 1	1 1 1 0 0	1 1 0 1 1	0 1 0 1 1
X396	0.44554094	5	1 0 0 1 0	1 0 0 1 1	0 1 0 1 0	1 1 1 0 0	0 0 0 1 1	1 0 0 1 0
X397	0.610517536	5	0 0 1 1 1	0 0 1 1 1	0 0 0 0 0	0 1 1 1 1	1 0 0 1 1	0 0 1 1 1
X398	0.347099471	5	0 0 1 0 0	0 0 0 1 0	1 1 0 0 1	1 1 1 0 0	0 1 0 1 0	0 1 0 0 0
X399	0.842311575	5	1 1 1 1 1	1 0 0 0 0	0 1 1 0 1	1 0 0 1 0	1 0 0 1 0	1 0 0 1 0
X400	0.40682648	5	1 1 0 0 1	1 0 0 0 0	0 1 1 0 1	1 1 0 0 1	0 0 0 0 1	1 1 0 0 1
X401	0.798121597	5	1 0 0 0 1	1 0 0 0 0	1 0 1 0 0	0 0 1 1 0	1 0 1 1 0	1 0 1 0 0
X402	0.255636428	5	1 0 0 1 1	1 1 1 0 0	1 0 0 1 0	1 0 0 1 1	0 1 1 0 1	1 0 0 1 1
X403	0.182241611	5	0 1 1 1 0	0 0 1 0 0	1 0 0 0 0	1 0 1 1 1	1 0 1 0 1	1 0 1 0 0
X404	0.971143642	5	1 0 1 0 0	0 0 1 0 1	0 1 1 0 0	0 0 1 0 0	0 0 0 0 1	0 0 1 0 0
X405	0.227412746	5	1 0 0 0 1	1 1 0 0 1	1 1 0 0 0	0 0 1 1 0	0 1 1 0 1	1 1 0 0 1
X406	0.813816191	5	0 0 1 1 1	0 0 0 0 1	1 1 0 1 0	0 0 0 0 1	1 0 1 0 1	0 0 0 0 1
X407	0.050674326	5	1 0 1 1 0	1 0 1 1 0	1 0 1 1 1	0 0 1 1 1	1 0 1 0 1	1 0 1 1 1
X408	0.904577518	5	0 0 1 1 0	1 1 1 1 1	0 0 0 0 0	1 1 1 0 1	0 1 1 0 0	0 1 1 0 0
X409	0.16634454	5	1 1 1 1 0	0 1 1 1 1	1 0 0 0 0	1 0 1 1 0	0 0 0 0 0	1 0 1 1 0
X410	0.658477791	5	1 1 1 0 1	0 0 0 1 0	1 1 1 1 1	0 0 1 0 0	1 0 0 0 0	1 0 1 0 0
X411	0.820842434	5	0 1 1 1 1	1 1 1 1 0	0 0 0 0 0	1 0 0 0 1	0 1 0 1 0	0 1 0 1 0
X412	0.723876349	5	0 1 0 1 1	1 1 1 0 1	0 0 1 0 0	1 1 1 0 1	1 0 1 0 1	1 1 1 0 1
X413	0.81087867	5	0 1 1 1 0	0 1 0 1 1	1 1 0 1 0	1 0 0 0 1	0 0 0 0 0	0 1 0 1 0
X414	0.203296793	5	1 0 1 1 0	0 0 0 1 0	1 1 0 1 1	0 0 1 0 1	0 0 1 0 1	0 0 1 1 1
X415	0.610883977	5	1 0 0 0 1	1 1 0 0 0	0 1 0 0 0	1 0 1 0 1	0 0 1 1 0	1 0 0 0 0
X416	0.39530851	5	1 1 0 1 1	1 1 0 1 0	0 1 0 0 0	1 1 1 0 0	1 0 0 1 1	1 1 0 1 0
X417	0.699005211	5	0 1 1 1 0	0 1 1 0 1	0 0 0 1 0	1 0 0 1 0	1 0 0 0 0	0 0 0 1 0
X418	0.195942602	5	0 0 1 1 1	0 1 0 0 1	0 0 0 0 1	0 0 0 0 1	1 1 1 0 0	0 0 0 0 1
X419	0.857191439	5	1 1 1 1 1	0 0 1 1 1	1 1 1 1 1	1 1 1 1 1	0 0 0 0 0	1 1 1 1 1
X420	0.520814019	5	1 0 0 1 1	1 1 1 0 1	0 0 0 1 1	0 1 1 0 0	1 0 1 1 1	1 0 1 1 1
X421	0.577022855	5	1 1 0 1 1	1 0 0 1 0	0 0 1 1 0	1 0 0 0 0	0 1 0 1 0	1 0 0 1 0
X422	0.680674959	5	1 1 0 1 0	0 1 1 0 0	1 0 0 1 0	1 0 0 1 1	1 0 0 1 0	1 0 0 1 0
X423	0.656237793	5	0 0 0 1 0	0 1 1 0 1	0 1 0 1 0	1 1 1 0 0	1 1 1 1 1	0 1 1 1 0
X424	0.270632015	5	0 0 1 0 1	0 0 0 1 0	1 1 1 1 1	0 1 0 0 1	1 1 0 0 1	0 1 0 0 1
X425	0.845565653	5	0 0 0 0 1	1 1 0 0 1	0 1 0 0 0	0 0 0 0 0	1 1 1 1 1	0 1 0 0 1
X426	0.150468653	5	1 1 1 0 0	0 1 1 0 1	0 0 0 1 0	1 0 1 1 0	1 0 1 1 1	1 0 1 1 0
X427	0.535248151	5	0 0 0 0 0	1 1 1 1 1	1 0 0 1 0	0 0 0 0 0	0 0 1 1 0	0 0 0 1 0
X428	0.195579882	5	0 1 0 1 1	1 1 0 0 1	1 0 0 0 1	0 0 0 0 0	1 0 0 1 0	1 0 0 0 1
X429	0.432341284	5	1 1 1 0 1	0 0 0 0 0	0 1 1 1 1	0 1 1 1 0	1 1 1 0 1	0 1 1 0 1
X430	0.219529393	5	0 0 0 0 1	1 0 0 1 1	0 0 0 1 1	1 1 0 1 1	1 1 1 0 0	1 0 0 1 1
X431	0.839014817	5	0 1 1 0 1	0 1 1 0 1	1 1 1 0 0	1 1 0 0 1	0 0 1 0 0	0 1 1 0 1
X432	0.953907047	5	0 1 1 0 1	0 0 1 1 0	1 0 0 0 1	0 0 0 1 1	1 0 1 0 1	0 0 1 0 1
X433	0.634809474	5	0 1 0 0 1	1 0 1 0 1	1 0 0 1 1	1 1 0 0 1	0 0 1 0 1	1 0 0 0 1
X434	0.252822917	5	1 1 1 0 0	0 1 1 1 0	1 1 0 0 1	0 0 1 0 0	0 0 1 0 1	0 1 1 0 0
X435	0.444086506	5	1 1 0 1 0	1 0 1 1 1	0 1 1 0 0	1 1 0 0 1	0 0 1 1 1	1 1 1 1 1
X436	0.025268027	5	1 1 1 0 1	1 1 0 1 0	0 1 1 0 0	1 1 1 0 0	0 0 0 0 1	1 1 1 0 0
X437	0.000202537	5	0 0 0 0 0	1 1 1 0 1	0 0 0 0 0	0 0 0 1 1	1 1 0 0 1	0 0 0 0 1
X438	0.181092895	5	0 1 0 0 1	1 1 1 1 1	0 1 1 1 1	1 0 0 1 0	1 0 0 1 0	1 1 0 1 1
X439	0.673186104	5	0 1 1 1 1	1 1 1 0 0	0 1 1 1 1	1 0 0 0 1	0 0 0 0 0	0 1 1 0 1
X440	0.687408572	5	1 0 1 0 1	0 1 0 1 1	1 0 1 1 0	1 1 1 0 1	0 1 0 1 1	1 1 1 1 1
X441	0.359626358	5	1 0 0 1 1	0 0 0 0 0	0 1 0 0 1	1 0 0 0 1	0 0 0 0 0	0 0 0 0 1
X442	0.747524731	5	0 0 1 0 1	1 0 1 0 1	1 1 1 1 0	0 0 1 0 1	1 0 1 0 1	1 0 1 0 1
X443	0.657483205	5	1 1 1 0 0	1 0 1 0 1	1 1 1 0 0	1 1 0 1 1	1 1 0 1 1	1 1 1 0 1
X444	0.770199232	5	1 1 0 1 1	0 0 0 0 0	0 0 1 0 0	1 1 0 0 1	1 1 1 0 1	1 1 0 0 1
X445	0.441016584	5	1 1 0 0 1	1 0 0 1 0	1 1 0 1 1	1 1 0 1 0	0 0 0 1 0	1 1 0 1 0
X446	0.837082131	5	0 1 1 1 0	1 1 0 0 1	0 1 0 1 1	1 0 0 0 1	0 0 1 0 1	0 1 0 0 1
X447	0.467003499	5	1 0 0 0 0	1 0 0 0 0	1 1 0 0 1	0 0 1 0 1	0 0 1 0 1	1 0 0 0 1
X448	0.445329779	5	1 0 1 0 0	0 0 1 1 1	1 1 1 1 0	1 0 1 1 1	1 1 0 0 0	1 0 1 1 0
X449	0.236709384	5	0 0 1 0 1	0 0 0 1 1	0 0 1 1 1	0 1 0 1 1	1 1 1 0 1	0 0 1 1 1
X450	0.03611096	5	0 1 0 0 1	0 1 1 0 0	1 0 0 1 0	1 0 0 0 1	1 1 0 1 1	1 1 0 0 1
X451	0.046962412	5	1 1 1 0 1	0 1 0 1 1	0 1 1 0 0	1 0 0 1 1	0 1 1 0 0	0 1 1 0 1
X452	0.125140342	5	1 1 1 1 1	0 1 0 0 0	1 1 1 1 1	1 0 0 1 1	1 0 1 1 1	1 1 1 1 1
X453	0.47414049	5	1 0 0 1 0	1 1 1 1 0	1 0 0 0 0	1 0 1 1 1	0 0 0 1 1	1 0 0 1 0
X454	0.264208262	5	1 1 0 0 0	0 0 1 0 0	0 1 0 0 0	1 0 1 0 1	0 1 1 1 0	0 1 1 0 0
X455	0.095656014	5	0 1 1 0 0	0 0 0 1 0	1 0 1 1 0	0 1 1 0 1	1 0 0 0 0	0 0 1 0 0
X456	0.511592587	5	0 1 1 0 1	1 0 1 1 1	0 0 0 1 1	1 0 0 1 1	0 0 0 1 1	0 0 0 1 1
X457	0.070911144	5	0 0 1 1 1	0 0 1 1 0	0 0 1 0 1	1 0 0 1 0	1 1 1 1 0	0 0 1 1 0
X458	0.729940686	5	1 1 1 0 1	0 1 0 0 1	1 1 1 0 1	0 1 1 1 0	1 0 0 1 1	1 1 1 0 1
X459	0.28093941	5	1 0 1 1 0	1 1 1 1 0	0 1 0 0 1	1 0 1 1 1	1 0 1 0 0	1 0 1 1 0
X460	0.726978888	5	1 0 1 1 1	0 1 1 0 1	1 0 1 1 0	1 1 1 1 1	0 1 1 1 1	1 1 1 1 1
X461	0.518050465	5	1 0 0 1 0	0 1 1 0 0	1 0 0 0 0	0 1 1 0 1	0 0 0 1 0	0 0 0 0 0
X462	0.089681976	5	1 0 0 1 1	1 0 0 0 1	1 0 0 1 0	1 1 0 0 1	0 1 1 1 1	1 0 0 1 1
X463	0.87501512	5	0 0 0 1 0	0 1 0 0 0	0 1 0 1 1	1 0 0 0 1	0 1 0 0 0	0 1 0 0 0
X464	0.139816581	5	0 1 0 0 0	1 0 1 1 0	0 1 0 0 0	0 1 0 1 0	1 1 1 1 0	0 1 0 1 0
X465	0.210176567	5	1 0 0 0 0	0 1 1 1 1	0 1 0 0 0	0 1 0 1 1	0 1 0 1 0	0 1 0 1 0
X466	0.461762287	5	1 0 1 0 0	1 1 0 1 0	0 1 0 1 0	1 0 0 0 1	1 0 0 1 1	1 0 0 1 0
X467	0.93012732	5	0 0 0 1 1	1 0 1 0 0	0 0 0 0 0	0 0 1 0 1	1 1 0 0 0	0 0 0 0 0
X468	0.474028915	5	1 1 1 1 1	1 1 0 1 1	1 0 0 0 0	0 0 1 0 1	1 1 0 0 1	1 1 0 0 1
X469	0.834989122	5	1 1 0 0 0	0 1 0 0 0	1 1 1 0 1	0 0 0 1 0	0 1 0 0 0	0 1 0 0 0
X470	0.000595972	5	1 1 0 0 1	0 0 1 0 0	1 0 0 0 0	1 0 1 0 0	1 0 1 0 0	1 0 1 0 0
X471	0.296833142	5	0 0 1 1 0	1 0 0 1 0	0 0 0 0 1	1 1 1 0 1	0 0 1 1 0	0 0 1 1 0
X472	0.009492934	5	0 0 1 1 0	0 1 1 1 0	1 1 1 0 1	1 0 1 1 1	0 1 0 0 0	0 1 1 1 0
X473	0.380055152	5	0 1 0 0 1	0 1 0 1 0	0 0 1 1 1	0 0 1 0 1	0 1 0 1 0	0 1 0 1 1
X474	0.262910325	5	0 0 0 0 1	0 0 1 1 1	1 1 0 1 1	0 0 1 0 1	0 0 1 0 1	0 0 1 0 1
X475	0.463564869	5	1 0 0 1 1	1 1 1 1 0	1 0 0 1 0	1 0 1 0 1	0 0 0 1 1	1 0 0 1 1
X476	0.763828437	5	1 0 1 1 1	0 1 0 0 0	0 1 1 0 0	1 0 0 1 1	1 1 1 1 0	1 1 1 1 0
X477	0.166016776	5	1 0 0 1 0	0 1 1 0 1	0 0 1 0 0	1 1 0 0 1	1 1 0 0 0	1 1 0 0 0
X478	0.030335255	5	0 1 0 0 0	0 0 0 0 0	1 0 1 1 0	0 0 0 0 0	0 0 1 0 1	0 0 0 0 0
X479	0.795379757	5	0 0 1 1 0	1 1 0 0 1	1 0 0 0 1	1 1 1 1 0	0 1 0 0 0	1 1 0 0 0
X480	0.507104123	5	0 1 1 0 1	1 1 0 0 0	1 0 0 1 1	0 1 1 0 0	1 1 1 1 0	1 1 1 0 0
X481	0.948934102	5	1 0 0 1 1	0 1 0 1 0	0 0 1 0 0	1 0 1 1 0	0 0 0 1 0	0 0 0 1 0
X482	0.785586745	5	0 0 1 0 1	1 0 1 1 1	0 1 0 0 0	1 0 1 0 1	1 0 1 1 1	1 0 1 0 1
X483	0.123686571	5	0 1 1 0 1	0 1 1 1 0	1 0 1 0 1	0 1 0 0 0	0 1 1 0 1	0 1 1 0 1
X484	0.292753779	5	1 0 0 0 0	0 0 1 0 0	1 0 0 1 0	0 0 0 1 0	1 0 1 1 1	1 0 0 1 0
X485	0.147039462	5	0 0 1 1 0	1 1 1 0 0	1 0 0 0 1	0 0 1 0 0	0 1 1 1 0	0 0 1 0 0
X486	0.198629861	5	1 1 0 0 0	0 1 0 0 0	1 0 1 0 1	1 1 0 1 0	0 1 1 0 1	1 1 0 0 0
X487	0.465484931	5	1 0 1 0 0	1 1 0 1 0	1 1 0 1 0	0 1 1 1 1	1 1 0 0 0	1 1 0 1 0
X488	0.000630591	5	0 0 1 0 1	0 0 0 1 1	1 0 1 1 1	0 1 1 0 1	0 0 1 0 0	0 0 1 0 1
X489	0.521356295	5	0 0 0 1 1	1 1 1 0 0	1 1 1 1 0	1 1 0 1 0	1 1 1 0 0	1 1 1 1 0
X490	0.441449989	5	1 0 0 0 1	0 0 0 0 0	0 1 1 0 0	0 1 0 1 1	0 0 0 1 1	0 0 0 0 1
X491	0.366195099	5	1 1 0 0 0	1 1 0 1 1	0 0 0 0 1	1 1 0 1 1	0 0 1 0 0	1 1 0 0 1
X492	0.370534404	5	1 0 1 1 0	1 1 1 0 1	1 0 1 0 1	0 0 1 1 0	1 1 1 1 0	1 0 1 1 0
X493	0.337780947	5	0 0 1 0 0	1 0 0 0 0	1 0 1 0 0	1 1 0 1 1	0 1 0 1 1	1 0 0 0 0
X494	0.828778914	5	1 0 1 1 1	0 1 1 1 1	1 1 0 0 0	0 0 1 1 1	1 0 1 1 1	1 0 1 1 1
X495	0.587424855	5	0 1 0 0 1	0 1 0 1 1	1 0 0 0 0	1 1 0 0 0	1 0 1 1 1	1 1 0 0 1
X496	0.29362797	5	1 0 1 0 0	0 1 0 0 0	1 1 1 1 1	1 0 1 1 0	0 0 1 1 1	1 0 1 1 0
X497	0.928454201	5	0 1 1 0 0	1 0 1 1 1	0 0 0 0 1	0 1 1 0 0	0 0 0 1 0	0 0 1 0 0
X498	0.420038801	5	1 1 0 0 0	1 1 1 0 0	1 1 1 1 1	0 0 1 1 0	1 1 1 1 0	1 1 1 1 0
X499	0.771273631	5	1 1 1 1 1	1 0 1 1 1	1 1 0 0 1	1 0 1 1 1	1 0 1 0 0	1 0 1 1 1
X500	0.8097714	5	1 0 0 1 1	1 0 1 1 0	0 1 1 0 0	0 1 0 1 0	0 0 1 1 0	0 0 1 1 0
X501	0.834219374	5	0 1 1 1 0	0 0 1 0 1	0 0 0 0 1	0 0 1 0 0	1 0 1 1 1	0 0 1 0 1
X502	0.439799602	5	1 1 1 0 0	0 0 0 0 1	1 1 0 0 1	0 0 1 0 1	0 0 1 1 0	0 0 1 0 1
X503	0.570282122	5	1 1 1 0 1	1 1 0 0 1	1 0 1 0 0	0 0 0 0 1	1 0 1 1 1	1 0 1 0 1
X504	0.626747566	5	1 0 0 1 0	1 0 1 0 0	0 1 1 0 1	1 1 0 0 0	1 1 0 0 0	1 1 0 0 0
X505	0.670687835	5	1 1 0 1 1	1 1 1 0 0	1 1 0 1 0	1 1 0 1 1	0 1 0 1 0	1 1 0 1 0
X506	0.225913105	5	0 1 0 0 1	0 1 0 1 0	1 0 0 0 0	0 0 0 0 1	0 0 1 0 0	0 0 0 0 0
X507	0.15898586	5	1 0 0 1 1	1 1 0 1 0	1 1 1 0 0	0 0 0 1 0	0 0 0 1 1	1 0 0 1 0
X508	0.493783959	5	1 1 1 1 0	0 1 0 0 1	1 0 0 0 0	1 0 0 1 0	0 1 0 1 1	1 1 0 1 0
X509	0.377462849	5	1 1 1 0 1	0 0 0 1 1	0 0 0 1 0	1 1 1 0 1	1 0 0 0 1	1 0 0 0 1
X510	0.092851389	5	0 1 1 0 0	0 0 1 0 0	0 0 0 0 0	1 0 1 1 0	1 0 0 0 0	0 0 1 0 0
X511	0.125961783	5	1 1 1 0 0	0 1 1 0 0	1 0 1 1 1	0 0 0 1 1	1 0 1 1 0	1 0 1 1 0
X512	0.080781504	5	1 0 0 0 1	1 1 1 0 0	0 1 1 1 1	0 0 1 0 0	0 0 1 1 0	0 0 1 0 0
X513	0.538214288	5	1 0 1 0 0	1 1 0 1 0	0 1 0 1 1	0 1 1 1 1	1 1 1 0 0	1 1 1 1 0
X514	0.258879973	5	0 0 1 1 1	1 0 1 1 1	1 1 1 1 1	1 1 0 1 0	1 1 0 0 0	1 1 1 1 1
X515	0.525768319	5	0 0 1 0 1	0 1 0 1 0	0 1 0 0 1	0 0 1 0 0	0 1 0 1 1	0 1 0 0 1
X516	0.93943373	5	1 0 0 0 1	0 0 0 1 0	0 0 0 0 0	0 0 1 1 1	0 0 0 0 0	0 0 0 0 0
X517	0.341786733	5	1 1 0 0 0	0 1 0 1 0	0 1 0 1 1	0 0 1 0 1	0 0 0 0 0	0 1 0 0 0
X518	0.786506371	5	1 0 0 0 1	1 0 1 0 1	0 0 1 0 0	1 0 1 1 1	0 0 0 0 0	1 0 1 0 1
X519	0.990304605	5	1 1 0 0 1	1 0 0 1 0	1 1 0 0 0	0 1 1 1 1	0 0 1 1 1	1 1 0 1 1
X520	0.190558007	5	1 0 0 0 0	1 1 0 1 0	0 1 1 1 0	1 1 1 1 1	0 1 1 0 0	1 1 1 1 0
X521	0.011348691	5	1 0 1 0 1	0 0 0 0 1	1 0 0 0 1	1 0 0 1 1	0 0 1 1 1	1 0 0 0 1
X522	0.82441987	5	0 1 0 1 0	0 1 1 0 1	1 1 1 1 1	1 1 1 0 1	0 0 0 0 0	0 1 1 0 1
X523	0.378072107	5	0 1 1 0 1	0 1 0 0 1	1 0 1 0 0	0 1 1 0 0	1 1 1 1 1	0 1 1 0 1
X524	0.80428081	5	1 1 0 0 0	0 0 0 0 1	1 1 1 1 1	0 0 1 0 1	0 0 0 0 1	0 0 0 0 1
X525	0.522981096	5	0 0 0 0 1	1 0 0 0 0	1 1 0 0 0	0 1 1 1 0	0 1 1 0 1	0 1 0 0 0
X526	0.409523742	5	1 1 0 0 0	1 0 0 0 0	1 0 1 1 1	0 0 1 1 1	1 1 0 0 0	1 0 0 0 0
X527	0.282906923	5	0 0 0 1 1	0 1 1 0 0	0 0 1 1 0	1 1 0 1 0	1 1 0 1 0	0 1 0 1 0
X528	0.174224044	5	1 0 0 0 0	1 1 1 0 1	0 0 0 0 1	0 0 1 0 0	1 0 0 1 0	1 0 0 0 0
X529	0.963203167	5	0 0 1 1 1	1 1 0 0 0	0 1 1 1 0	1 1 1 1 1	1 1 1 1 0	1 1 1 1 0
X530	0.445478828	5	0 0 0 0 0	1 1 1 0 0	1 1 1 0 0	0 0 0 1 1	0 1 1 1 0	0 1 1 0 0
X531	0.636444279	5	1 0 1 1 1	0 1 0 0 1	1 0 0 0 1	1 0 1 0 0	0 1 0 0 1	1 0 0 0 1
X532	0.995006123	5	1 0 1 1 0	0 1 0 0 1	1 0 1 1 1	1 0 1 1 0	0 1 0 0 0	1 0 1 1 0
X533	0.379966289	5	0 0 1 1 0	0 1 0 1 1	0 1 0 1 1	0 0 1 1 1	1 1 1 0 1	0 1 1 1 1
X534	0.938543251	5	0 0 1 0 1	1 1 1 0 0	0 0 1 1 1	1 0 1 1 1	0 0 1 0 1	0 0 1 0 1
X535	0.096857209	5	0 0 1 1 1	0 1 0 0 1	0 1 1 0 1	1 0 1 1 0	0 0 0 0 0	0 0 1 0 1
X536	0.441228723	5	0 1 1 0 0	1 1 1 0 0	0 0 1 0 0	0 0 0 1 1	0 1 0 1 0	0 1 1 0 0
X537	0.867239407	5	1 1 0 0 1	0 1 1 0 1	1 1 0 0 0	1 0 1 0 0	0 0 1 1 1	1 1 1 0 1
X538	0.300267777	5	0 0 0 0 1	0 1 0 0 0	1 1 1 0 0	0 1 0 1 0	0 0 0 1 0	0 1 0 0 0
X539	0.156382986	5	1 0 1 0 1	0 0 0 0 0	1 1 1 1 1	0 0 0 0 0	1 1 0 0 1	1 0 0 0 1
X540	0.629264448	5	1 0 0 0 1	1 1 0 0 0	0 1 1 0 1	0 1 1 0 0	1 1 1 0 1	1 1 1 0 1
X541	0.555328439	5	0 1 1 0 0	0 1 0 1 1	0 0 1 1 0	0 1 1 1 0	1 1 0 0 0	0 1 1 1 0
X542	0.999237507	5	0 0 1 1 1	1 1 0 1 0	1 0 1 1 1	1 1 1 1 1	1 0 0 0 1	1 0 1 1 1
X543	0.869753726	5	0 1 1 1 1	0 0 0 0 0	1 1 0 1 0	0 1 1 0 1	0 1 1 1 0	0 1 1 1 0
X544	0.496364059	5	1 0 0 1 1	1 0 0 0 1	1 1 0 0 1	1 0 0 1 1	0 0 0 0 0	1 0 0 0 1
X545	0.686637196	5	1 1 1 1 0	0 0 0 0 0	1 1 0 0 0	1 0 0 1 0	0 1 1 1 1	1 1 0 1 0
X546	0.349130623	5	0 0 1 1 1	1 1 0 1 0	0 0 0 1 0	0 0 0 1 0	1 0 1 1 1	0 0 0 1 0
X547	0.50618005	5	0 0 0 1 1	1 1 0 0 0	0 1 0 1 1	0 1 0 1 1	1 1 0 0 0	0 1 0 1 1
X548	0.370434402	5	0 1 0 0 1	1 1 0 0 1	1 0 0 0 0	1 1 1 0 0	0 0 0 1 0	1 1 0 0 0
X549	0.755258506	5	1 0 0 1 1	0 0 0 0 1	0 0 0 1 1	0 1 1 1 1	1 1 0 1 0	0 0 0 1 1
X550	0.365077406	5	1 0 0 0 0	1 1 1 0 1	0 1 1 1 0	1 1 0 0 1	0 0 1 0 1	1 1 1 0 1
X551	0.151490415	5	0 0 1 0 1	1 0 1 1 0	1 0 1 1 0	0 0 0 1 0	1 0 0 1 0	1 0 1 1 0
X552	0.168646268	5	1 1 1 1 0	1 0 1 1 0	0 0 1 1 1	0 1 1 1 1	0 1 1 1 0	0 1 1 1 0
X553	0.405909143	5	0 0 0 1 0	1 1 1 1 1	1 1 0 1 1	1 0 0 1 1	0 1 0 1 0	1 1 0 1 1
X554	0.8444575	5	1 0 0 1 0	1 1 1 1 1	0 1 0 0 0	0 0 1 1 1	1 0 1 0 0	1 0 1 1 0
X555	0.682632895	5	1 1 0 0 0	1 0 0 1 1	0 1 0 1 1	0 1 0 1 0	0 1 1 0 0	0 1 0 1 0
X556	0.209133824	5	0 0 1 0 1	1 1 0 0 1	1 1 1 0 1	1 1 1 1 0	1 0 0 0 1	1 1 1 0 1
X557	0.513831786	5	1 1 1 0 1	1 0 0 1 0	0 1 1 1 1	1 0 0 0 1	0 1 0 1 1	1 1 0 1 1
X558	0.90789349	5	1 0 0 0 1	1 0 1 1 1	1 1 0 1 0	1 0 0 0 1	1 0 0 0 1	1 0 0 0 1
X559	0.306292504	5	1 0 0 1 1	1 1 1 1 0	1 0 0 0 1	1 1 0 1 1	0 1 1 0 1	1 1 0 1 1
X560	0.927796058	5	1 1 1 0 0	1 0 1 0 1	0 1 1 1 0	1 0 0 1 1	0 0 1 1 0	1 0 1 1 0
X561	0.185919631	5	0 0 0 0 0	1 0 0 1 1	0 1 1 0 1	0 0 1 1 0	1 0 1 1 0	0 0 1 1 0
X562	0.580275747	5	0 0 0 0 1	0 1 0 1 0	1 0 0 1 0	0 1 0 1 1	1 1 0 0 0	0 1 0 1 0
X563	0.96453661	5	0 1 1 0 0	1 0 1 0 1	1 0 0 0 1	1 0 1 0 1	1 1 1 0 1	1 0 1 0 1
X564	0.997133218	5	0 0 0 0 1	0 0 0 1 0	0 0 1 1 0	0 0 0 1 1	0 0 0 1 1	0 0 0 1 1
X565	0.61837061	5	1 1 0 1 1	1 1 1 0 1	1 1 1 1 1	1 0 0 0 1	1 0 0 0 0	1 1 0 0 1
X566	0.732741671	5	0 0 1 1 0	0 1 1 1 0	0 0 1 0 1	0 1 1 1 1	0 1 1 0 1	0 1 1 1 1
X567	0.085296587	5	0 0 0 0 1	0 0 0 0 1	0 0 0 0 0	0 1 1 0 1	0 1 1 1 0	0 0 0 0 1
X568	0.178131468	5	1 0 1 0 0	0 0 1 0 0	0 0 0 1 1	1 1 1 1 1	0 1 1 0 0	0 0 1 0 0
X569	0.056935009	5	0 1 0 1 0	0 0 1 0 0	1 0 1 1 1	0 1 1 0 0	0 1 0 1 1	0 1 1 1 0
X570	0.662659382	5	1 1 0 0 1	0 1 0 0 1	1 0 0 0 1	1 1 1 0 1	0 1 1 0 0	1 1 0 0 1
X571	0.847045391	5	0 1 0 0 1	0 1 0 0 0	0 1 0 0 1	0 0 0 0 0	1 1 0 1 0	0 1 0 0 0
X572	0.352403321	5	0 0 1 0 0	1 0 1 1 0	0 1 1 0 0	0 1 0 0 1	0 1 0 0 1	0 1 1 0 0
X573	0.972947097	5	1 1 0 0 1	0 1 1 0 1	1 0 0 1 1	1 0 1 0 1	1 0 1 1 0	1 0 1 0 1
X574	0.649264827	5	1 0 0 0 0	1 1 0 0 0	1 0 1 0 1	1 0 1 0 0	0 0 1 1 0	1 0 1 0 0
X575	0.993883304	5	0 0 1 0 1	0 0 1 0 1	0 0 0 1 0	0 1 1 1 1	1 0 1 1 1	0 0 1 1 1
X576	0.51213558	5	0 0 0 0 0	0 1 1 1 0	0 1 1 0 0	1 0 1 0 1	0 0 0 0 0	0 0 1 0 0
X577	0.955887883	5	0 0 0 1 0	1 0 1 1 1	1 0 1 0 0	1 0 1 0 0	0 1 1 0 1	1 0 1 0 0
X578	0.326455887	5	0 0 1 0 0	1 0 1 1 0	1 0 1 0 1	1 0 1 1 0	0 0 0 0 1	1 0 1 0 0
X579	0.958785015	5	1 1 0 1 1	1 0 1 0 0	1 1 0 0 0	1 0 0 1 1	0 0 1 1 0	1 0 0 1 0
X580	0.671791515	5	1 0 0 0 0	0 0 1 0 0	1 1 1 0 0	1 0 0 0 1	1 1 1 0 1	1 0 1 0 0
X581	0.302383691	5	0 1 0 0 1	0 1 1 0 0	1 1 1 1 0	0 0 0 0 1	0 0 0 1 1	0 1 0 0 1
X582	0.725962662	5	1 0 0 0 0	1 0 1 0 0	0 1 1 1 0	1 0 0 0 1	1 1 1 1 1	1 0 1 0 0
X583	0.813811554	5	1 0 0 0 1	0 1 0 1 0	1 1 1 0 1	0 0 1 0 1	1 1 0 1 0	1 1 0 0 1
X584	0.342364097	5	0 0 0 0 0	1 1 1 1 0	0 0 0 0 1	1 0 0 0 0	0 0 0 1 0	0 0 0 0 0
X585	0.272256066	5	1 1 0 1 0	1 0 0 0 1	0 0 1 0 1	0 0 1 1 1	1 0 0 0 0	1 0 0 0 1
X586	0.664298726	5	1 1 0 0 0	0 1 0 1 1	1 0 0 0 1	0 1 0 0 1	1 0 1 0 0	1 1 0 0 1
X587	0.47712937	5	1 1 1 1 1	0 1 1 1 1	0 0 0 1 0	0 0 1 0 1	1 0 0 1 1	0 0 1 1 1
X588	0.875285237	5	1 1 1 1 1	1 0 1 0 0	0 1 0 1 1	1 1 0 0 1	1 1 0 0 1	1 1 0 0 1
X589	0.432932333	5	1 0 1 1 1	0 1 1 0 1	1 0 0 1 1	1 0 0 1 1	0 1 0 0 0	1 0 0 1 1
X590	0.743497637	5	1 1 1 1 1	1 0 1 1 1	0 0 0 0 1	0 1 0 1 0	1 1 0 1 1	1 1 0 1 1
X591	0.531344799	5	0 0 0 1 0	1 1 0 0 1	0 1 1 0 1	0 1 0 1 1	0 1 0 0 0	0 1 0 0 1
X592	0.309573897	5	0 1 1 1 1	0 1 0 0 0	1 1 1 1 1	0 0 1 0 1	0 1 0 1 0	0 1 1 1 1
X593	0.006895873	5	1 0 1 1 0	0 1 1 1 1	0 1 0 0 1	1 1 1 1 1	1 0 1 1 1	1 1 1 1 1
X594	0.777920139	5	0 1 0 1 1	0 0 0 1 0	0 0 0 0 1	1 0 1 1 0	1 1 1 1 1	0 0 0 1 1
X595	0.660003102	5	1 0 1 0 1	1 0 0 1 0	1 0 1 1 0	0 0 0 0 0	1 1 0 1 0	1 0 0 1 0
X596	0.571083668	5	1 1 1 1 1	1 0 1 0 1	0 0 1 1 1	0 0 1 1 1	0 0 0 1 0	0 0 1 1 1
X597	0.484487772	5	0 1 0 0 1	0 1 0 0 0	0 0 1 0 1	1 0 1 0 1	1 0 0 0 1	0 0 0 0 1
X598	0.31649571	5	1 0 1 1 1	1 0 1 0 0	1 0 1 0 1	0 1 0 1 0	1 1 1 1 1	1 0 1 1 1
X599	0.641978681	5	0 1 0 1 1	0 1 0 0 1	0 0 0 0 1	0 1 1 0 1	0 1 1 0 1	0 1 0 0 1
X600	0.250719847	5	0 1 1 0 0	1 1 1 1 1	1 1 1 1 0	1 1 1 1 1	1 0 0 1 1	1 1 1 1 1
X601	0.725692397	5	0 1 1 0 1	0 0 0 0 1	0 0 0 1 1	1 0 1 1 1	1 0 1 0 1	0 0 1 0 1
X602	0.520263744	5	1 1 0 0 1	0 0 1 1 0	1 0 0 0 0	1 0 1 1 1	0 1 0 0 1	1 0 0 0 1
X603	0.977153075	5	1 1 0 1 0	0 0 0 1 0	1 1 0 1 1	1 0 1 0 0	0 1 1 1 1	1 1 0 1 0
X604	0.781117708	5	1 0 1 0 1	1 1 1 1 0	0 0 1 0 0	1 1 1 0 0	1 1 1 0 1	1 1 1 0 0
X605	0.680973292	5	1 0 1 1 1	1 0 1 1 0	0 1 0 1 1	1 1 0 1 1	1 0 0 0 0	1 0 0 1 1
X606	0.533072599	5	0 1 0 1 0	0 0 1 1 0	1 1 0 0 1	1 0 0 1 0	0 1 1 1 1	0 1 0 1 0
X607	0.055541875	5	0 1 1 1 1	1 1 1 0 0	1 0 0 1 0	1 0 0 1 0	1 0 1 1 1	1 0 1 1 0
X608	0.130370886	5	1 0 0 1 0	0 0 1 1 1	0 0 1 0 1	1 0 0 1 1	0 0 0 1 1	0 0 0 1 1
X609	0.826417547	5	1 0 0 1 1	1 0 1 0 1	0 1 0 1 0	0 0 1 0 1	0 0 0 0 1	0 0 0 0 1
X610	0.386349698	5	1 1 0 1 0	0 1 0 1 1	0 0 0 1 0	0 1 1 1 0	1 1 0 0 1	0 1 0 1 0
X611	0.551390108	5	0 0 1 0 1	1 0 1 0 1	1 1 1 0 0	1 0 0 0 0	0 1 1 1 1	1 0 1 0 1
X612	0.928995541	5	1 1 0 1 0	0 1 1 1 1	0 0 0 0 1	0 1 1 0 1	0 1 1 0 1	0 1 1 0 1
X613	0.749108144	5	1 0 1 1 1	1 1 1 1 0	0 1 1 1 0	1 1 0 0 0	1 0 0 1 1	1 1 1 1 0
X614	0.871199829	5	1 0 0 0 0	1 1 0 0 1	0 0 0 0 0	1 0 1 1 1	1 1 0 0 1	1 0 0 0 1
X615	0.844343693	5	1 1 0 1 0	1 0 0 0 0	1 1 1 1 1	1 0 1 1 1	1 1 1 1 1	1 1 1 1 1
X616	0.827810876	5	0 1 1 0 0	0 0 1 1 0	1 1 1 1 1	0 1 0 1 0	0 0 1 0 1	0 1 1 1 0
X617	0.970071352	5	0 1 0 0 0	0 1 1 0 0	1 0 0 1 0	1 0 0 0 0	0 0 1 0 0	0 0 0 0 0
X618	0.978606783	5	0 0 1 0 1	0 1 1 0 1	0 1 1 0 1	1 1 1 0 0	1 1 1 0 1	0 1 1 0 1
X619	0.627651257	5	0 1 1 0 1	1 0 1 0 1	1 1 1 0 1	1 1 0 1 0	0 1 1 1 0	1 1 1 0 1
X620	0.225197236	5	0 1 0 1 1	1 0 0 1 1	1 1 1 1 1	0 1 0 0 0	1 1 1 0 1	1 1 0 1 1
X621	0.869916534	5	0 1 1 1 0	0 0 1 1 1	1 1 1 0 0	0 1 1 1 0	0 0 1 1 1	0 1 1 1 0
X622	0.995418119	5	0 0 1 1 0	1 1 1 1 1	0 0 0 0 1	0 0 1 0 0	0 0 0 1 1	0 0 1 1 1
X623	0.533768669	5	1 1 0 1 0	0 1 0 0 1	0 1 0 0 0	0 0 1 1 1	0 1 1 1 0	0 1 0 1 0
X624	0.708964198	5	0 0 1 0 1	1 0 1 0 0	1 0 0 0 1	1 1 1 0 1	1 0 1 1 0	1 0 1 0 1
X625	0.367807983	5	0 0 1 0 1	0 0 0 1 1	1 1 0 1 1	1 0 0 0 1	1 0 1 0 0	1 0 0 0 1
X626	0.800982647	5	0 1 1 0 0	0 0 1 0 1	1 0 0 0 0	0 1 1 1 1	0 0 0 0 0	0 0 1 0 0
X627	0.671663336	5	1 0 1 1 1	1 0 1 0 0	0 0 1 1 0	1 0 1 0 1	1 1 0 1 0	1 0 1 1 0
X628	0.354259295	5	1 1 1 0 1	1 0 0 0 1	1 0 0 0 1	0 0 1 0 1	0 1 0 0 1	1 0 0 0 1
X629	0.355865909	5	1 1 1 1 1	1 1 0 0 0	1 1 0 0 0	0 0 1 1 1	1 0 0 0 1	1 1 0 0 1
X630	0.773499394	5	1 0 0 0 1	1 0 1 0 1	0 0 0 0 0	1 1 1 0 0	1 1 0 0 0	1 0 0 0 0
X631	0.346522449	5	1 0 1 0 1	0 0 1 1 1	1 1 1 0 0	0 0 1 1 1	0 0 1 0 1	0 0 1 0 1
X632	0.322053412	5	1 0 0 1 1	0 1 0 0 0	1 1 1 1 0	1 1 1 0 0	0 0 1 1 0	1 1 1 1 0
X633	0.39872359	5	1 1 1 0 1	0 1 1 0 0	1 0 1 0 1	1 1 1 0 0	0 0 0 0 1	1 1 1 0 1
X634	0.661078257	5	0 1 0 0 0	0 0 1 0 1	0 1 1 0 0	1 1 0 0 1	1 1 1 1 0	0 1 1 0 0
X635	0.612435235	5	1 1 1 0 0	1 0 1 0 1	0 1 0 0 1	0 0 1 1 0	0 0 0 0 1	0 0 1 0 1
X636	0.042399441	5	1 0 1 0 0	1 0 1 0 0	1 0 0 0 0	0 1 0 1 0	0 1 0 0 1	1 0 0 0 0
X637	0.506860602	5	0 0 0 1 0	1 0 0 0 0	0 1 1 0 0	1 1 0 1 0	1 1 0 0 1	1 1 0 0 0
X638	0.537634755	5	1 1 1 1 1	0 0 1 1 0	0 1 0 0 0	0 1 1 0 0	1 1 0 0 1	0 1 1 0 0
X639	0.789668981	5	0 0 1 1 1	1 1 1 1 1	0 0 1 1 0	0 1 1 1 1	0 1 0 1 0	0 1 1 1 1
X640	0.538830561	5	1 1 0 1 1	0 1 0 1 1	1 1 1 1 1	1 1 1 1 1	1 0 0 1 0	1 1 0 1 1
X641	0.552982059	5	0 0 0 1 1	1 0 1 1 1	1 1 1 1 0	1 0 1 1 0	1 0 0 0 1	1 0 1 1 1
X642	0.431811233	5	1 1 0 0 1	1 0 1 0 1	0 1 0 1 1	1 0 1 0 1	0 1 1 1 1	1 1 1 0 1
X643	0.481631638	5	0 0 1 0 0	0 0 1 1 0	0 0 0 0 0	0 1 0 1 0	0 0 0 0 1	0 0 0 0 0
X644	0.389688683	5	1 0 0 1 0	1 1 1 0 0	1 1 0 0 1	0 0 1 0 0	0 1 1 0 0	1 1 1 0 0
X645	0.678373692	5	1 0 0 0 0	0 1 1 0 0	0 0 1 0 1	0 1 0 1 1	1 0 0 0 1	0 0 0 0 1
X646	0.764534076	5	1 1 0 1 0	0 1 0 1 1	0 0 0 0 1	1 0 1 0 1	1 1 1 0 1	1 1 0 0 1
X647	0.412348462	5	0 0 0 1 0	0 1 0 0 1	0 0 0 1 0	0 1 1 0 0	0 0 1 0 1	0 0 0 0 0
X648	0.777506777	5	1 1 1 1 0	1 1 1 0 0	0 1 1 0 0	0 0 1 0 0	1 1 0 1 0	1 1 1 0 0
X649	0.21090199	5	1 1 0 1 0	1 0 0 0 0	1 0 1 0 1	1 1 0 0 0	1 1 1 0 0	1 1 0 0 0
X650	0.80179882	5	0 0 0 1 1	0 1 0 0 0	0 1 0 0 0	0 0 1 0 1	0 0 1 1 0	0 0 0 0 0
X651	0.440461646	5	0 1 1 1 0	0 0 1 0 1	0 0 0 1 0	0 0 0 0 0	0 0 1 1 0	0 0 1 1 0
X652	0.304478226	5	1 0 1 0 0	0 0 0 0 1	1 1 1 0 1	1 0 1 0 1	1 0 1 0 1	1 0 1 0 1
X653	0.850977296	5	0 1 0 0 1	0 1 1 0 1	0 1 1 1 0	0 1 1 1 1	0 1 1 0 1	0 1 1 0 1
X654	0.054591002	5	0 0 0 1 0	1 0 0 1 1	0 1 0 0 0	1 0 0 1 0	1 0 0 0 1	1 0 0 1 0
X655	0.351100189	5	1 1 0 0 0	1 1 0 0 0	1 1 1 0 0	0 0 0 1 0	0 0 0 1 1	1 1 0 0 0
X656	0.432577139	5	0 1 1 0 0	0 1 0 0 1	0 0 1 1 0	0 1 1 1 1	1 1 1 1 1	0 1 1 1 1
X657	0.117886258	5	0 0 0 0 0	0 0 1 0 0	0 0 0 1 1	0 0 0 1 0	1 1 0 1 1	0 0 0 1 0
X658	0.141039231	5	1 1 0 1 0	0 0 0 0 0	0 0 1 1 0	0 0 1 0 0	0 1 0 1 1	0 0 0 1 0
X659	0.708675676	5	1 1 0 1 0	0 1 0 0 0	0 0 1 0 0	0 1 1 0 1	1 0 1 0 0	0 1 1 0 0
X660	0.733408273	5	1 1 1 1 1	0 1 1 0 0	0 0 1 0 1	0 1 1 0 0	1 0 0 1 0	0 1 1 0 0
X661	0.878978953	5	0 1 1 0 1	0 1 0 0 1	0 1 1 0 1	1 0 1 0 0	1 1 0 1 0	0 1 1 0 1
X662	0.551155369	5	1 0 1 1 1	0 1 0 0 1	0 1 0 0 0	1 0 1 0 1	1 0 0 1 1	1 0 0 0 1
X663	0.529385856	5	0 0 1 0 1	1 1 1 0 1	1 0 1 0 1	0 1 1 1 0	0 1 1 1 0	0 1 1 0 1
X664	0.815763557	5	0 0 0 1 0	0 1 1 1 0	0 1 1 1 1	1 1 1 0 1	1 0 1 0 1	0 1 1 1 1
X665	0.997429986	5	0 0 0 1 0	1 1 1 1 0	0 0 0 1 1	1 0 1 0 0	1 1 1 0 1	1 0 1 1 0
X666	0.703039666	5	1 0 0 0 1	0 1 0 0 1	0 1 1 1 1	1 0 1 0 1	1 0 0 0 0	1 0 0 0 1
X667	0.426581191	5	0 0 0 1 1	0 0 0 0 0	0 0 0 1 1	0 0 0 0 0	1 1 0 1 0	0 0 0 1 0
X668	0.4392385	5	1 0 1 1 1	1 0 0 0 1	0 1 0 1 1	0 0 0 0 1	1 0 1 0 0	1 0 0 0 1
X669	0.230921002	5	1 1 0 0 0	0 1 0 1 1	0 0 1 1 0	0 0 0 1 0	0 1 0 1 1	0 1 0 1 0
X670	0.251119082	5	1 0 1 0 0	0 1 1 1 1	0 0 0 1 0	0 1 0 1 1	1 1 1 1 0	0 1 1 1 0
X671	0.577108306	5	1 1 1 1 1	1 1 1 0 1	0 1 1 1 0	0 1 0 0 1	1 1 1 1 0	1 1 1 1 1
X672	0.511732542	5	0 1 0 0 0	1 1 0 1 1	0 0 0 1 1	0 1 0 1 0	0 0 1 1 1	0 1 0 1 1
X673	0.549552708	5	0 0 0 0 1	0 1 0 0 0	1 1 1 1 1	0 0 1 1 1	0 0 0 1 1	0 0 0 1 1
X674	0.226548084	5	0 1 1 1 1	0 0 0 1 0	0 1 1 1 0	1 1 1 1 0	1 0 1 1 0	0 1 1 1 0
X675	0.496868474	5	1 1 0 1 1	1 0 0 0 0	0 1 0 1 0	0 0 1 1 0	0 0 0 1 1	0 0 0 1 0
X676	0.442025831	5	0 0 0 1 1	1 0 0 0 0	1 0 1 0 1	1 1 1 0 0	0 1 0 1 0	1 0 0 0 0
X677	0.94894924	5	0 1 0 0 1	0 0 1 0 0	0 0 1 0 1	0 1 1 0 1	1 1 1 1 0	0 1 1 0 1
X678	0.929494965	5	1 1 1 0 0	0 0 0 1 0	1 0 1 0 0	0 1 1 0 1	0 1 1 1 0	0 1 1 0 0
X679	0.123421758	5	0 1 1 1 1	1 1 0 1 1	0 0 0 0 0	1 0 1 1 1	1 1 1 1 0	1 1 1 1 1
X680	0.145575377	5	0 1 1 0 0	0 0 1 0 0	1 1 0 0 1	1 0 0 0 1	1 1 1 1 1	1 1 1 0 1
X681	0.289426103	5	1 1 1 0 1	0 1 0 0 1	1 1 0 0 1	0 1 1 1 0	0 1 0 1 1	0 1 0 0 1
X682	0.791595047	5	1 0 0 1 1	1 1 1 1 0	1 1 0 1 0	0 0 1 0 1	1 0 1 1 1	1 0 1 1 1
X683	0.059502816	5	0 1 0 0 0	1 1 0 1 0	0 0 1 0 1	0 1 1 1 0	0 1 1 0 1	0 1 1 0 0
X684	0.091209448	5	1 0 0 0 0	0 0 0 1 1	1 0 1 1 1	1 1 1 1 0	1 1 1 0 1	1 0 1 1 1
X685	0.655761141	5	0 1 1 0 1	1 1 1 0 1	0 1 0 0 1	0 1 0 1 0	0 0 0 1 0	0 1 0 0 1
X686	0.939659182	5	1 0 0 1 0	1 1 1 0 1	1 0 0 1 1	1 0 1 1 1	0 0 1 0 1	1 0 1 1 1
X687	0.979641587	5	1 1 1 1 0	0 0 0 0 0	1 1 1 1 0	1 0 1 1 0	1 1 1 1 1	1 1 1 1 0
X688	0.577383886	5	1 0 1 1 0	1 1 0 0 1	0 0 1 0 0	0 1 0 0 0	1 0 1 1 0	1 0 1 0 0
X689	0.98708202	5	1 1 1 0 0	0 0 0 0 1	1 0 0 1 1	0 1 1 1 1	0 1 1 1 0	0 1 1 1 1
X690	0.816826507	5	1 1 1 0 1	0 0 1 1 1	1 0 0 1 0	1 1 1 1 1	1 1 0 0 1	1 1 1 1 1
X691	0.170445713	5	0 0 0 1 0	0 0 1 0 0	1 0 0 0 1	0 1 0 1 0	0 1 1 0 0	0 0 0 0 0
X692	0.144146234	5	1 0 0 1 0	1 0 1 1 1	1 0 0 1 1	0 0 0 1 1	1 0 1 0 1	1 0 0 1 1
X693	0.761965241	5	1 1 1 1 1	1 1 0 0 0	0 1 0 0 0	0 1 1 1 1	1 1 1 0 0	1 1 1 0 0
X694	0.921810757	5	0 1 0 0 1	1 0 1 1 1	1 0 0 0 0	0 1 1 1 0	0 1 1 1 1	0 1 1 1 1
X695	0.315236137	5	0 1 1 1 0	1 1 0 1 0	1 1 1 0 0	0 1 0 1 1	0 0 1 0 1	0 1 1 1 0
X696	0.337417332	5	0 0 0 0 1	0 0 0 0 0	1 0 0 1 0	0 0 1 0 0	0 1 0 0 1	0 0 0 0 0
X697	0.119021971	5	0 1 1 0 0	1 0 0 0 0	0 0 0 1 1	0 1 1 0 1	1 0 1 0 0	0 0 1 0 0
X698	0.759989045	5	0 1 1 0 0	0 0 0 0 1	1 0 1 0 1	1 1 1 0 1	0 1 1 0 1	0 1 1 0 1
X699	0.49362685	5	1 0 1 0 0	1 1 0 0 0	0 1 0 1 1	1 1 1 1 0	0 0 1 0 0	1 1 1 0 0
X700	0.34525531	5	0 1 1 0 1	1 1 0 0 0	1 0 0 1 1	0 1 0 1 0	0 0 0 0 0	0 1 0 0 0
X701	0.014427653	5	1 1 0 0 1	1 0 1 0 0	1 1 1 1 0	0 0 1 1 0	0 0 0 1 0	1 0 1 1 0
X702	0.683642717	5	0 0 0 0 0	1 0 0 0 1	0 1 0 0 0	1 0 1 0 0	0 0 0 0 1	0 0 0 0 0
X703	0.894643737	5	0 0 0 1 1	0 0 0 1 0	0 1 1 0 0	0 1 0 0 1	0 1 0 1 0	0 1 0 1 0
X704	0.704714411	5	1 0 0 0 0	0 1 0 0 1	1 1 0 0 0	0 1 1 1 0	0 0 1 1 1	0 1 0 0 0
X705	0.204687593	5	0 0 0 1 0	1 1 1 1 0	0 0 0 1 1	0 1 1 0 1	0 0 1 0 0	0 0 1 1 0
X706	0.158126125	5	0 1 0 0 1	1 1 0 0 1	0 0 1 0 0	0 0 0 0 1	0 1 1 0 1	0 1 0 0 1
X707	0.205257733	5	1 0 1 0 1	1 1 0 1 1	1 0 0 0 0	0 0 1 0 0	1 1 0 0 0	1 0 0 0 0
X708	0.826287126	5	1 1 0 1 0	0 0 1 1 0	1 0 0 1 1	1 1 0 1 1	1 1 1 0 0	1 1 0 1 0
X709	0.413236523	5	1 0 1 0 0	1 1 1 0 1	0 0 1 1 0	1 1 1 0 0	1 1 0 1 1	1 1 1 0 0
X710	0.490047555	5	1 0 0 0 1	0 1 0 1 0	1 0 1 0 0	0 0 0 0 0	0 0 1 0 1	0 0 0 0 0
X711	0.694305247	5	1 1 0 0 0	0 0 1 0 0	1 0 0 1 1	1 0 1 0 1	1 0 1 0 1	1 0 1 0 1
X712	0.251922793	5	1 1 0 1 0	0 1 1 0 1	1 1 0 1 1	0 0 0 1 0	1 1 1 0 0	1 1 0 1 0
X713	0.777436848	5	0 1 1 1 0	1 0 0 1 0	1 1 0 1 0	0 0 0 0 1	1 0 1 0 1	1 0 0 1 0
X714	0.556113852	5	1 1 1 0 0	0 0 0 1 0	0 1 0 1 1	1 1 1 1 0	1 1 1 1 1	1 1 1 1 0
X715	0.946858004	5	0 1 0 0 0	1 1 1 1 0	1 0 0 0 0	0 1 1 0 1	1 1 1 1 0	1 1 1 0 0
X716	0.050945682	5	0 1 1 0 0	1 0 0 0 0	0 0 1 1 0	0 1 0 0 0	1 1 1 0 1	0 1 1 0 0
X717	0.045654527	5	0 0 0 0 1	1 1 1 1 0	1 0 1 0 1	0 1 1 1 1	1 0 1 1 1	1 0 1 1 1
X718	0.202578812	5	0 0 0 1 1	1 0 0 0 1	1 0 1 0 1	0 0 0 1 1	1 1 0 1 1	1 0 0 1 1
X719	0.688601916	5	1 0 0 0 0	1 1 1 0 1	1 0 0 1 1	0 1 0 0 1	1 0 1 0 0	1 0 0 0 1
X720	0.786493615	5	1 1 0 0 0	0 1 1 0 1	1 1 1 1 1	1 1 1 1 0	0 0 0 0 0	1 1 1 0 0
X721	0.875964547	5	0 1 0 1 1	1 0 0 0 1	0 1 0 0 1	0 0 0 0 0	1 1 1 0 0	0 1 0 0 1
X722	0.611071887	5	0 1 0 0 0	1 1 1 0 1	0 0 1 0 1	1 1 1 0 1	1 1 0 1 0	1 1 1 0 1
X723	0.328772911	5	1 0 0 0 0	1 0 1 0 0	0 0 0 0 1	0 1 0 0 0	1 0 1 0 0	1 0 0 0 0
X724	0.697546348	5	0 1 0 0 1	0 0 0 1 0	1 1 1 1 1	0 1 0 0 1	0 1 1 1 1	0 1 0 1 1
X725	0.957863752	5	0 1 1 1 1	0 0 0 1 1	1 0 0 0 0	0 1 1 0 1	1 0 1 0 0	0 0 1 0 1
X726	0.489937334	5	0 0 1 1 0	1 0 1 0 0	1 1 0 0 0	0 0 0 0 0	0 0 0 0 0	0 0 0 0 0
X727	0.802523563	5	0 0 1 0 1	1 0 1 1 1	0 1 1 1 1	0 0 0 0 1	0 0 1 1 0	0 0 1 1 1
X728	0.786571801	5	0 0 0 1 0	1 0 1 0 0	1 1 0 1 1	0 1 0 1 0	1 1 1 0 1	1 1 0 1 0
X729	0.702394506	5	1 1 0 1 0	1 0 0 1 1	1 0 0 1 1	1 0 1 1 1	1 1 1 1 1	1 0 0 1 1
X730	0.700496774	5	1 0 0 0 0	0 1 1 0 0	0 1 0 0 1	1 1 1 1 1	1 0 1 1 1	1 1 1 0 1
X731	0.849969928	5	1 1 0 1 1	0 1 1 1 0	0 1 0 1 0	0 0 1 1 0	0 0 1 1 0	0 1 1 1 0
X732	0.919067132	5	1 0 0 1 1	0 1 1 1 1	1 1 0 1 1	1 1 0 1 0	1 0 1 1 0	1 1 0 1 1
X733	0.251637354	5	1 1 1 0 1	1 1 1 0 1	0 0 1 1 0	0 0 0 1 0	1 0 1 1 0	1 0 1 1 0
X734	0.819601839	5	1 1 0 1 1	1 1 0 0 0	0 0 1 1 0	1 1 0 0 1	1 1 1 1 1	1 1 0 1 1
X735	0.267981715	5	1 1 1 0 1	0 0 0 1 1	0 1 1 0 1	1 0 1 1 0	1 0 0 1 1	1 0 1 1 1
X736	0.061861915	5	0 1 0 1 0	0 0 0 1 1	1 0 0 1 0	0 0 1 0 1	0 1 0 0 0	0 0 0 1 0
X737	0.447840472	5	1 0 1 1 0	1 1 1 0 1	0 1 1 0 1	1 0 0 1 1	0 0 1 1 0	1 0 1 1 1
X738	0.256056679	5	1 0 1 1 1	1 1 0 0 1	0 1 1 0 1	1 1 0 1 1	1 0 1 0 0	1 1 1 0 1
X739	0.631945975	5	1 1 1 1 1	1 1 0 0 0	1 0 1 1 1	0 1 0 0 0	1 0 1 1 1	1 1 1 1 1
X740	0.938154996	5	0 1 1 1 1	1 1 0 1 1	0 1 1 1 0	0 1 0 0 1	0 1 1 0 0	0 1 1 1 1
X741	0.365366212	5	1 1 0 1 0	1 1 0 1 1	1 0 1 1 1	0 1 1 0 0	0 0 0 0 0	1 1 0 1 0
X742	0.927682002	5	1 1 0 0 1	0 1 1 1 1	0 0 1 1 0	1 1 1 1 1	1 0 0 1 0	1 1 1 1 1
X743	0.49193484	5	0 1 1 1 0	1 1 0 0 1	1 0 0 0 1	0 1 0 1 0	1 1 1 0 1	1 1 0 0 1
X744	0.991615325	5	1 0 1 0 0	0 0 1 1 0	1 1 1 0 1	1 1 0 0 0	0 1 1 0 1	1 1 1 0 0
X745	0.727760639	5	1 0 1 0 0	1 0 1 1 1	1 1 1 1 0	0 1 1 1 1	0 1 0 0 0	1 1 1 1 0
X746	0.436403191	5	0 1 1 0 0	0 0 0 1 0	0 0 1 1 1	0 1 1 0 0	0 0 1 1 0	0 0 1 1 0
X747	0.108972109	5	0 0 1 1 0	0 0 0 0 0	0 1 0 0 1	0 0 1 0 0	0 0 0 1 1	0 0 0 0 0
X748	0.506084838	5	0 0 1 0 0	1 0 0 0 1	0 1 1 0 0	1 1 0 0 1	1 0 1 0 0	1 0 1 0 0
X749	0.211171325	5	1 1 0 1 0	1 1 1 1 1	0 1 0 0 1	1 1 1 1 1	0 0 0 0 1	1 1 0 1 1
X750	0.310090294	5	1 1 0 1 1	0 0 0 0 1	1 1 0 0 1	0 0 1 1 1	0 1 0 0 0	0 1 0 0 1
X751	0.472322173	5	0 1 1 0 0	0 0 1 1 0	0 1 1 1 0	0 0 1 0 1	1 1 0 1 1	0 1 1 1 0
X752	0.454092734	5	0 0 0 0 1	0 0 0 1 0	1 1 0 1 1	0 1 0 0 1	1 1 1 0 0	0 1 0 0 1
X753	0.62609761	5	1 0 0 1 1	0 1 0 0 1	0 0 0 1 0	1 0 1 1 1	1 0 0 0 1	1 0 0 1 1
X754	0.806934546	5	1 0 1 1 0	0 0 0 0 0	1 1 0 0 1	0 0 0 0 1	1 1 1 0 1	1 0 0 0 1
X755	0.244170328	5	0 1 1 0 0	0 0 0 0 1	0 1 0 0 0	0 0 0 1 1	1 1 1 0 1	0 1 0 0 1
X756	0.961889909	5	1 0 1 0 1	1 1 0 0 1	1 0 1 1 0	1 1 1 1 1	1 0 0 1 0	1 0 1 1 1
X757	0.248399101	5	1 1 1 0 0	1 1 1 1 1	1 0 1 1 1	1 0 0 0 1	0 0 0 0 0	1 0 1 0 1
X758	0.14718784	5	1 0 1 1 0	0 0 0 1 1	1 1 0 0 0	0 1 1 0 1	1 1 0 1 0	1 1 0 1 0
X759	0.693598463	5	1 0 0 0 0	0 1 0 1 1	0 0 0 1 0	0 0 1 0 0	0 1 1 0 1	0 0 0 0 0
X760	0.291321328	5	0 0 0 1 1	1 0 1 1 0	0 0 0 1 1	1 0 0 1 1	1 1 0 1 1	1 0 0 1 1
X761	0.024417944	5	1 0 1 0 1	1 1 0 1 1	0 0 0 0 0	1 0 1 1 1	0 1 1 0 1	1 0 1 0 1
X762	0.607085243	5	1 1 1 1 0	0 0 1 0 1	1 1 1 1 0	0 1 1 1 0	1 0 1 0 1	1 1 1 1 0
X763	0.60666224	5	1 0 0 1 0	0 1 0 1 1	0 0 1 1 0	1 1 0 1 0	0 1 1 1 0	0 1 0 1 0
X764	0.744994346	5	1 0 0 0 0	0 0 1 1 0	1 1 1 1 0	1 1 0 0 0	1 0 1 0 1	1 0 1 0 0
X765	0.698583917	5	1 0 0 0 1	1 0 1 0 0	1 0 1 1 1	0 1 1 1 1	1 0 0 1 0	1 0 1 1 1
X766	0.311503846	5	0 0 1 1 1	1 0 0 0 1	1 1 1 0 0	1 0 0 1 0	1 0 1 1 1	1 0 1 1 1
X767	0.543411775	5	0 1 1 0 0	0 1 1 1 1	1 0 0 1 1	0 0 1 0 0	1 1 1 1 1	0 1 1 1 1
X768	0.671591688	5	0 1 1 0 1	0 1 0 1 1	1 0 0 1 0	1 0 0 0 0	0 1 1 1 1	0 1 0 1 1
X769	0.528318976	5	0 0 1 1 1	1 1 1 0 0	1 1 1 0 1	1 0 1 1 1	1 1 1 0 0	1 1 1 0 1
X770	0.654869692	5	1 0 1 1 0	1 0 1 0 0	0 0 0 0 0	0 1 0 0 0	1 1 1 1 0	1 0 1 0 0
X771	0.381041596	5	0 1 1 1 0	1 1 0 0 1	0 1 1 1 0	0 0 1 1 1	1 0 1 0 1	0 1 1 1 1
X772	0.021482676	5	1 1 0 0 1	1 1 0 0 0	0 0 0 0 1	0 0 0 1 0	0 0 0 1 0	0 0 0 0 0
X773	0.424505339	5	1 0 0 1 0	0 1 1 0 0	1 1 1 0 1	1 0 1 0 0	0 0 0 1 0	1 0 1 0 0
X774	0.450641493	5	1 0 0 0 0	0 0 0 0 0	1 0 0 1 1	1 0 0 0 1	1 1 0 1 0	1 0 0 0 0
X775	0.508523705	5	1 1 1 0 0	0 1 1 1 0	1 0 0 0 1	1 1 1 1 0	1 0 1 0 1	1 1 1 0 0
X776	0.171336193	5	1 0 0 0 0	0 0 1 0 1	0 0 1 1 0	0 0 1 0 0	0 0 1 1 0	0 0 1 0 0
X777	9.78591E-05	5	1 1 0 0 0	0 1 0 0 1	1 0 1 1 0	1 1 1 0 0	1 1 1 1 0	1 1 1 0 0
X778	0.678021088	5	1 0 0 1 1	0 1 0 1 1	0 1 0 1 0	0 1 1 0 0	0 1 1 1 0	0 1 0 1 0
X779	0.378259184	5	0 1 1 1 0	0 1 1 0 0	1 1 0 0 0	0 1 1 1 1	1 1 1 0 1	0 1 1 0 0
X780	0.274710867	5	1 0 1 0 1	0 0 0 0 1	0 0 1 1 0	1 0 0 1 0	0 0 0 1 0	0 0 0 1 0
X781	0.890302112	5	1 0 0 1 0	1 1 0 1 0	1 1 0 1 1	1 1 0 0 1	0 0 1 0 1	1 1 0 1 1
X782	0.307857154	5	0 0 1 0 1	0 0 1 1 1	0 1 1 1 0	0 1 0 0 1	0 0 0 1 0	0 0 1 1 1
X783	0.385351598	5	1 0 1 1 1	1 0 1 1 0	1 0 0 0 0	0 0 1 0 1	1 1 1 0 0	1 0 1 0 0
X784	0.586228244	5	1 0 1 0 1	1 1 0 0 0	0 0 1 0 0	0 1 1 0 1	1 0 0 1 1	1 0 1 0 1
X785	0.361171294	5	0 1 0 1 0	0 0 0 1 1	0 1 1 1 1	1 0 0 0 1	0 1 1 0 0	0 1 0 1 1
X786	0.342088086	5	1 0 1 1 0	1 0 1 1 1	0 0 0 1 0	0 1 1 1 0	0 0 0 1 1	0 0 1 1 0
X787	0.712382835	5	0 0 1 1 1	1 1 0 1 0	1 0 0 0 0	0 0 0 1 0	1 1 0 1 1	1 0 0 1 0
X788	0.688267718	5	0 1 0 1 1	0 0 1 1 1	0 1 0 1 1	0 0 1 0 0	1 1 1 1 1	0 1 1 1 1
X789	0.130496682	5	0 1 0 0 1	1 1 1 1 1	0 1 1 0 1	1 1 1 1 0	0 1 1 1 1	0 1 1 1 1
X790	0.046830441	5	1 0 0 0 0	1 0 0 1 1	0 0 0 0 1	0 0 1 1 1	0 0 1 1 1	0 0 0 1 1
X791	0.352544799	5	0 1 1 1 1	0 1 1 0 0	1 1 1 0 1	0 1 1 1 1	0 1 1 1 1	0 1 1 1 1
X792	0.836519648	5	1 0 0 0 0	0 0 0 1 1	1 0 1 0 1	0 0 1 1 1	1 1 0 0 0	1 0 0 0 1
X793	0.019052769	5	1 0 0 1 1	0 1 0 0 1	1 1 1 1 0	0 0 1 1 1	0 0 0 0 0	0 0 0 1 1
X794	0.140132212	5	1 0 1 0 1	0 1 1 0 0	0 0 0 1 0	1 0 0 1 0	0 1 1 0 0	0 0 1 0 0
X795	0.073527935	5	1 1 0 1 1	1 0 0 1 1	0 1 1 0 1	0 0 0 1 0	0 1 1 0 1	0 1 0 1 1
X796	0.799675368	5	1 1 1 1 0	1 1 1 0 1	1 1 0 1 0	0 1 0 1 1	0 1 0 1 0	1 1 0 1 0
X797	0.933560416	5	1 0 0 1 0	0 0 1 1 0	1 1 0 0 1	1 0 1 0 1	0 0 0 1 1	1 0 0 1 1
X798	0.006043066	5	1 0 1 1 0	1 1 1 1 1	1 0 1 0 1	1 0 0 1 1	0 1 1 1 1	1 0 1 1 1
X799	0.998734139	5	0 0 1 1 1	0 0 1 0 0	0 0 1 0 1	0 0 1 0 1	1 0 1 0 1	0 0 1 0 1
X800	0.898615336	5	0 1 1 0 1	0 1 0 1 1	1 0 0 0 1	0 0 0 1 0	0 0 0 1 0	0 0 0 1 1
X801	0.337409806	5	0 0 1 1 1	0 1 1 0 0	1 1 1 0 1	1 1 0 0 0	0 1 1 1 0	0 1 1 0 0
X802	0.637451847	5	0 1 1 1 1	0 0 1 0 1	0 1 0 1 1	0 1 1 1 0	0 1 0 0 1	0 1 1 1 1
X803	0.367946252	5	0 1 1 0 0	1 0 1 0 1	0 1 0 1 1	1 1 0 1 1	1 1 0 0 1	1 1 0 0 1
X804	0.785681947	5	0 0 0 0 1	1 1 1 0 1	0 1 0 0 1	0 1 1 1 1	0 0 0 1 1	0 1 0 0 1
X805	0.492125994	5	1 1 0 1 1	1 1 0 0 1	0 1 1 0 1	1 0 1 0 1	1 1 1 0 1	1 1 1 0 1
X806	0.117980661	5	0 0 0 0 1	1 0 1 0 1	1 0 1 0 0	1 1 0 0 0	0 0 1 1 1	1 0 1 0 1
X807	0.86258603	5	1 1 0 0 1	0 1 1 1 1	0 0 0 1 0	0 1 1 0 1	0 0 0 1 0	0 1 0 1 1
X808	0.088716351	5	0 0 1 0 1	1 0 1 1 1	0 0 1 1 1	1 0 0 0 1	0 1 0 0 1	0 0 1 0 1
X809	0.868344392	5	1 0 1 1 1	1 0 1 0 1	0 1 0 1 1	1 0 0 0 1	1 0 1 1 1	1 0 1 1 1
X810	0.27707325	5	0 0 1 0 0	1 0 1 1 0	1 0 1 1 1	1 1 1 0 1	1 1 1 1 1	1 0 1 1 1
X811	0.691042684	5	0 1 1 0 1	1 0 0 1 0	0 0 0 1 0	0 0 1 1 0	1 1 1 0 1	0 0 1 1 0
X812	0.235079745	5	1 1 1 0 1	1 1 1 0 1	1 1 0 1 0	1 0 1 0 1	0 1 0 0 1	1 1 1 0 1
X813	0.483064734	5	0 1 0 1 1	0 1 0 0 0	1 1 0 1 1	0 1 1 0 1	0 1 0 1 1	0 1 0 1 1
X814	0.516821081	5	0 0 1 0 1	0 0 1 0 0	0 0 1 1 1	0 0 1 0 1	1 1 1 1 1	0 0 1 0 1
X815	0.884601785	5	0 1 1 0 0	0 1 0 0 0	0 0 0 1 1	0 1 0 0 1	0 0 0 1 0	0 1 0 0 0
X816	0.3568864	5	0 1 1 1 0	1 0 1 0 1	1 0 0 1 0	1 1 1 0 0	1 0 0 0 0	1 0 1 0 0
X817	0.076570318	5	1 1 1 1 0	1 1 0 1 1	0 1 1 0 0	1 0 1 0 1	1 0 0 1 1	1 1 1 1 1
X818	0.20938924	5	0 0 0 1 0	1 0 0 1 0	1 0 0 1 0	1 1 0 1 1	1 0 1 0 1	1 0 0 1 0
X819	0.04975635	5	1 0 0 1 0	1 0 0 1 0	1 0 1 1 1	0 1 1 0 0	1 0 1 0 1	1 0 1 1 0
X820	0.877155372	5	1 0 1 0 1	0 0 0 0 1	1 1 0 0 1	0 0 1 1 1	1 1 1 1 0	1 0 1 0 1
X821	0.431924057	5	0 1 0 1 0	0 1 0 0 0	1 0 0 0 0	1 1 1 1 1	1 0 1 1 1	1 1 0 1 0
X822	0.126829879	5	1 1 1 0 0	1 0 1 0 1	1 1 1 1 1	1 0 0 1 0	1 0 1 1 1	1 0 1 1 1
X823	0.862386161	5	0 0 1 1 1	0 0 1 0 1	0 1 0 1 0	0 0 0 1 0	0 1 0 0 1	0 0 0 1 1
X824	0.709572088	5	0 0 0 0 1	1 0 0 0 0	1 1 0 1 1	0 0 1 0 1	0 1 1 0 1	0 0 0 0 1
X825	0.27278579	5	1 0 1 0 0	1 0 0 1 0	0 1 1 0 0	1 0 1 0 1	0 1 0 1 0	1 0 1 0 0
X826	0.963194889	5	0 0 0 0 1	0 0 0 0 1	1 0 0 0 0	0 1 1 1 0	1 0 1 0 0	0 0 0 0 0
X827	0.835728333	5	0 0 0 1 1	0 1 0 1 1	0 0 1 0 0	0 0 1 1 1	1 1 0 1 1	0 0 0 1 1
X828	0.734634046	5	1 1 0 0 0	0 0 0 1 1	1 0 0 1 0	1 1 1 0 1	0 0 0 1 0	1 0 0 1 0
X829	0.288268522	5	0 0 1 0 1	0 0 0 0 1	0 1 0 1 0	1 1 0 1 0	0 1 1 0 1	0 1 0 0 1
X830	0.289612656	5	1 0 0 1 0	1 1 1 0 1	0 0 1 0 0	1 0 0 0 1	1 1 1 1 0	1 0 1 0 0
X831	0.77947613	5	1 0 1 1 1	0 1 1 1 1	1 1 1 0 0	0 1 0 1 1	1 1 1 0 0	1 1 1 1 1
X832	0.66963464	5	1 0 1 1 0	1 0 0 1 0	0 1 1 0 1	1 0 0 0 1	0 1 0 1 0	1 0 0 1 0
X833	0.468632092	5	1 1 1 1 0	0 1 0 1 0	0 0 0 1 1	0 0 1 1 1	0 0 0 0 0	0 0 0 1 0
X834	0.030568671	5	0 1 1 0 1	1 1 1 1 0	1 1 1 0 0	0 0 0 1 0	1 1 0 0 1	1 1 1 0 0
X835	0.18320043	5	0 0 1 1 0	0 0 0 1 1	0 0 0 0 0	1 1 1 1 0	1 1 0 0 1	0 0 0 1 0
X836	0.378089215	5	1 1 1 0 0	1 0 1 1 1	1 0 1 1 0	0 0 0 0 1	1 0 1 1 1	1 0 1 1 1
X837	0.934579282	5	0 0 1 0 0	1 1 0 1 0	0 1 1 0 0	0 0 0 1 0	1 1 0 1 1	0 1 0 1 0
X838	0.8252222	5	0 1 0 0 0	0 0 0 0 0	1 1 0 0 1	0 0 0 1 0	0 1 0 1 0	0 1 0 0 0
X839	0.655780181	5	0 1 1 1 1	0 1 1 0 1	0 1 1 0 1	0 0 1 0 1	1 0 0 0 0	0 1 1 0 1
X840	0.864371819	5	1 1 1 0 0	1 0 0 0 1	1 0 0 0 1	0 0 1 1 0	1 0 0 0 0	1 0 0 0 0
X841	0.159502109	5	0 0 0 0 0	0 0 0 0 0	1 1 0 0 1	1 1 0 1 1	1 1 1 1 1	1 1 0 0 1
X842	0.427919948	5	0 1 0 1 1	0 0 0 0 1	0 1 0 0 1	1 0 1 1 0	1 1 1 1 1	0 1 0 1 1
X843	0.731529525	5	1 1 0 0 0	1 0 0 0 1	1 0 0 0 0	0 1 1 1 0	1 1 1 0 0	1 1 0 0 0
X844	0.833567848	5	0 0 0 0 0	0 1 1 1 1	1 1 1 1 1	0 1 1 1 1	0 1 0 0 1	0 1 1 1 1
X845	0.993776264	5	1 0 1 0 0	0 1 1 1 0	1 0 1 0 0	0 0 1 0 1	1 1 1 0 1	1 0 1 0 0
X846	0.789440217	5	1 1 0 0 0	0 1 1 0 1	1 1 0 0 0	0 0 1 0 1	0 1 0 0 0	0 1 0 0 0
X847	0.577627776	5	0 0 0 1 1	1 0 1 0 1	1 0 0 1 0	1 1 1 1 1	0 0 0 1 1	1 0 0 1 1
X848	0.625760471	5	0 0 0 1 1	0 0 0 0 0	0 1 1 0 1	0 1 0 0 0	0 0 0 1 0	0 0 0 0 0
X849	0.706523558	5	1 1 1 0 0	0 0 0 1 0	1 1 1 0 1	1 0 0 0 1	0 1 1 0 1	1 1 1 0 1
X850	0.14022812	5	1 0 0 0 0	0 1 0 1 0	1 1 0 1 1	1 0 0 0 1	0 1 1 0 0	1 1 0 0 0
X851	0.621471523	5	1 0 0 0 1	1 0 1 0 0	0 1 0 0 0	1 0 1 0 1	1 0 1 1 0	1 0 1 0 0
X852	0.178112151	5	1 1 1 1 0	0 0 0 1 0	1 1 1 1 0	1 1 1 1 1	1 0 0 0 1	1 1 1 1 0
X853	0.128360294	5	1 0 1 1 0	1 1 1 0 0	1 0 1 1 1	1 0 1 1 0	1 0 1 0 0	1 0 1 1 0
X854	0.071869652	5	1 1 0 1 1	1 0 0 0 0	0 0 1 0 0	0 1 0 0 1	0 1 0 1 1	0 1 0 0 1
X855	0.399696288	5	1 1 0 1 0	0 0 1 0 1	1 0 0 0 0	0 1 0 1 1	1 0 1 1 0	1 0 0 1 0
X856	0.132722355	5	1 0 0 1 1	0 1 1 1 0	0 0 0 0 1	1 0 1 0 0	0 0 0 1 1	0 0 0 1 1
X857	0.5694307	5	0 1 0 1 0	1 0 0 0 0	0 0 0 0 0	0 0 0 1 1	0 1 0 1 1	0 0 0 1 0
X858	0.981863909	5	1 1 1 1 0	1 0 0 0 1	1 1 1 0 1	0 0 1 0 1	1 0 1 1 1	1 0 1 0 1
X859	0.932478286	5	1 1 0 0 0	0 0 1 1 0	0 0 0 1 1	1 0 0 0 1	1 0 0 1 1	1 0 0 1 1
X860	0.627074026	5	0 0 0 0 1	1 1 0 1 0	1 1 0 1 1	0 0 1 1 1	1 0 1 0 1	1 0 0 1 1
X861	0.648835961	5	0 0 1 0 0	1 1 0 1 1	0 1 1 0 1	0 0 1 0 1	0 1 0 0 0	0 1 1 0 1
X862	0.256127192	5	0 1 1 1 1	1 1 0 0 1	1 0 0 0 1	0 0 0 0 1	0 1 1 1 1	0 1 0 0 1
X863	0.412736103	5	0 0 1 0 0	0 0 0 0 0	0 0 1 1 1	1 1 0 0 1	0 0 1 1 0	0 0 1 0 0
X864	0.86392924	5	1 1 1 0 0	0 0 1 1 1	0 1 0 1 0	1 0 1 1 0	1 1 1 1 1	1 1 1 1 0
X865	0.669777332	5	0 0 1 0 0	0 0 1 0 1	1 0 1 1 1	1 1 1 0 1	0 0 0 1 1	0 0 1 0 1
X866	0.919672637	5	1 0 1 1 1	1 1 1 1 1	1 0 0 0 0	0 0 0 0 0	1 0 1 0 0	1 0 1 0 0
X867	0.883054456	5	1 1 1 1 0	1 1 0 0 1	0 1 0 0 1	1 0 1 0 0	1 0 0 1 1	1 1 0 0 1
X868	0.251766985	5	0 1 1 1 1	0 1 0 1 1	0 0 1 0 0	1 0 1 1 1	0 0 1 0 0	0 0 1 1 1
X869	0.459990362	5	0 1 0 0 1	0 0 0 0 0	1 1 1 1 0	1 1 0 1 1	1 0 0 1 1	1 1 0 1 1
X870	0.886468753	5	0 1 1 1 0	0 1 1 1 0	0 1 1 0 1	0 1 0 0 1	0 1 1 1 1	0 1 1 1 1
X871	0.110140385	5	1 1 0 0 1	1 0 1 1 1	1 1 1 1 1	0 0 0 0 1	0 0 0 1 1	1 0 0 1 1
X872	0.928512893	5	0 1 0 1 0	0 0 0 0 0	1 1 0 0 1	1 1 0 0 0	0 0 1 1 0	0 1 0 0 0
X873	0.632135317	5	1 0 1 1 1	0 0 0 1 1	1 0 1 1 0	0 1 1 1 1	0 0 1 0 0	0 0 1 1 1
X874	0.29896357	5	1 0 0 1 0	1 0 1 0 1	0 1 1 1 0	0 0 0 1 0	0 1 1 1 1	0 0 1 1 0
X875	0.871658702	5	1 1 0 1 1	0 0 1 1 0	1 1 1 1 0	0 0 1 0 1	1 1 0 0 0	1 1 1 1 0
X876	0.873675425	5	1 0 1 1 0	0 0 0 0 0	1 0 1 1 1	1 1 1 1 1	1 1 0 0 1	1 0 1 1 1
X877	0.158050311	5	0 0 1 0 0	0 1 0 0 1	1 0 1 1 1	0 0 0 0 1	0 1 0 0 1	0 0 0 0 1
X878	0.454423449	5	1 1 0 0 0	0 0 1 1 0	1 1 1 0 0	0 1 0 1 0	1 0 1 1 0	1 1 1 1 0
X879	0.182715266	5	0 0 1 0 1	1 1 1 1 1	1 0 1 1 0	0 1 0 0 0	0 0 0 1 0	0 0 1 1 0
X880	0.871939125	5	1 0 1 0 1	0 1 0 1 1	0 1 1 1 0	1 1 0 1 1	1 1 1 0 1	1 1 1 1 1
X881	0.521750701	5	1 0 1 0 0	1 0 1 0 0	1 0 0 1 1	0 0 1 0 0	0 1 1 0 1	1 0 1 0 0
X882	0.615246843	5	1 1 1 0 1	1 1 0 1 0	0 1 1 0 0	0 0 1 0 0	0 0 0 1 1	0 1 1 0 0
X883	0.423100033	5	0 0 0 0 0	1 1 0 0 1	0 0 0 1 1	1 1 0 1 1	0 1 1 0 0	0 1 0 0 1
X884	0.671397133	5	1 0 1 0 1	1 1 0 1 0	1 1 0 0 1	0 0 0 1 1	1 1 0 0 0	1 1 0 0 1
X885	0.983394662	5	0 0 1 1 0	1 1 1 1 0	0 1 0 1 1	1 0 0 1 0	1 0 0 0 1	1 0 0 1 0
X886	0.087347073	5	1 0 1 1 1	0 1 1 0 0	0 0 0 1 1	1 0 0 0 1	1 0 1 1 0	1 0 1 1 1
X887	0.380901663	5	0 1 1 1 0	1 1 0 1 0	0 0 0 0 1	0 1 0 0 0	1 1 0 0 0	0 1 0 0 0
X888	0.528835062	5	0 0 0 1 0	0 1 0 1 0	1 0 1 0 1	1 1 1 1 0	1 0 0 1 0	1 0 0 1 0
X889	0.040964853	5	1 0 1 1 1	1 1 1 0 0	1 0 0 0 1	1 0 1 1 1	1 1 0 1 0	1 0 1 1 1
X890	0.117928761	5	0 0 0 1 1	1 0 0 1 0	1 1 1 0 1	1 1 1 0 1	0 1 0 1 1	1 1 0 1 1
X891	0.533968652	5	0 0 1 1 0	0 0 1 0 0	0 0 0 1 0	1 1 1 0 0	0 1 1 0 0	0 0 1 0 0
X892	0.401115721	5	1 1 1 0 0	1 1 0 1 1	1 1 1 1 0	1 1 1 1 1	0 0 1 1 0	1 1 1 1 0
X893	0.682989158	5	0 0 1 1 1	0 0 0 1 1	1 0 1 0 1	0 1 1 1 1	1 1 1 0 1	0 0 1 1 1
X894	0.971169718	5	1 1 1 1 0	0 0 0 0 0	0 1 0 0 0	1 0 0 0 1	0 0 1 0 1	0 0 0 0 0
X895	0.306233428	5	0 1 1 1 0	0 1 0 1 1	1 1 0 1 0	1 0 0 1 1	0 1 0 0 1	0 1 0 1 1
X896	0.830925787	5	0 1 0 1 0	1 0 0 1 0	0 0 0 0 0	1 0 0 1 0	0 0 1 0 1	0 0 0 1 0
X897	0.976561099	5	1 0 1 0 1	1 0 0 0 1	0 0 1 1 0	0 0 0 1 0	0 0 0 1 0	0 0 0 1 0
X898	0.355428092	5	0 1 0 1 1	0 0 0 1 1	1 0 1 0 1	1 0 1 1 1	1 1 0 1 0	1 0 0 1 1
X899	0.049256045	5	0 0 0 1 0	1 1 0 0 1	1 0 0 0 0	0 0 1 0 0	1 1 0 0 1	1 0 0 0 0
X900	0.272417963	5	1 1 0 0 0	0 0 0 1 1	0 1 1 0 0	0 1 0 1 0	1 1 0 1 0	0 1 0 1 0
X901	0.081011041	5	0 1 1 1 0	0 0 1 0 1	0 0 0 1 0	1 0 1 1 0	1 1 1 1 1	0 0 1 1 0
X902	0.828727965	5	1 0 1 0 0	1 1 0 1 1	1 1 1 0 0	1 0 1 1 0	1 0 1 0 1	1 0 1 0 0
X903	0.877697141	5	1 1 0 1 1	0 1 1 1 1	0 0 1 0 1	0 1 0 0 1	0 1 1 1 1	0 1 1 1 1
X904	0.449535702	5	1 0 1 1 1	1 0 1 0 1	1 0 1 1 1	1 0 0 1 1	1 1 0 1 1	1 0 1 1 1
X905	0.554703872	5	1 0 0 1 1	0 0 1 0 0	0 1 0 1 1	0 0 1 0 1	1 1 0 1 0	0 0 0 1 1
X906	0.365956458	5	0 0 0 1 1	0 1 1 1 1	0 0 0 1 1	1 1 0 0 1	1 0 0 0 0	0 0 0 1 1
X907	0.158340756	5	0 1 0 1 0	1 0 0 1 0	1 1 1 1 0	1 0 1 0 0	1 0 0 1 1	1 0 0 1 0
X908	0.453488933	5	0 1 1 0 0	1 1 1 0 0	1 1 0 1 0	1 0 0 1 1	1 0 1 1 0	1 1 1 1 0
X909	0.598276962	5	1 1 0 0 0	1 0 1 1 0	1 1 1 0 1	1 1 1 0 1	0 0 0 1 1	1 1 1 0 1
X910	0.465875621	5	1 0 0 0 0	1 1 1 0 1	0 0 1 1 1	1 1 0 1 0	0 0 1 0 1	1 0 1 0 1
X911	0.634098151	5	0 1 0 1 1	0 1 0 1 0	1 1 1 1 0	1 0 0 0 0	0 1 0 0 0	0 1 0 1 0
X912	0.79434699	5	0 1 0 1 0	0 0 0 0 1	0 0 1 0 0	1 1 0 1 1	0 1 1 0 0	0 1 0 0 0
X913	0.856741691	5	1 1 0 0 1	1 1 1 1 1	1 0 0 0 0	0 1 0 1 1	0 0 0 1 1	1 1 0 1 1
X914	0.23812136	5	0 1 1 1 1	0 1 0 1 1	0 0 0 0 1	0 1 1 0 1	1 1 1 0 1	0 1 1 0 1
X915	0.597885034	5	0 0 0 1 0	0 0 0 1 0	0 1 1 0 1	0 0 1 1 0	1 0 0 0 1	0 0 0 1 0
X916	0.832256109	5	1 1 1 0 0	1 1 0 0 1	0 1 1 1 1	1 0 1 1 1	1 0 0 1 0	1 1 1 1 1
X917	0.971638765	5	1 0 0 0 0	1 0 1 0 1	0 0 1 0 1	1 1 0 0 1	1 1 1 0 0	1 0 1 0 1
X918	0.32240588	5	1 1 1 0 0	1 1 0 1 1	0 0 1 0 1	0 1 1 0 1	0 1 0 1 1	0 1 1 0 1
X919	0.925614346	5	1 0 0 0 0	1 0 1 1 0	1 0 1 1 1	0 0 0 1 1	0 1 0 1 0	1 0 0 1 0
X920	0.368008471	5	0 0 1 1 1	1 0 0 1 0	0 1 0 1 0	1 1 0 1 1	0 1 0 0 1	0 1 0 1 1
X921	0.152851481	5	0 1 1 1 1	1 1 1 1 1	0 1 0 0 1	1 0 0 0 0	1 0 0 0 1	1 1 0 0 1
X922	0.959954869	5	1 0 1 0 1	1 0 1 1 1	1 0 1 1 1	1 0 0 0 0	0 1 1 1 0	1 0 1 1 1
X923	0.563354294	5	0 1 0 1 1	1 0 1 1 1	0 1 1 0 1	1 1 1 1 0	0 0 1 0 0	0 1 1 1 1
X924	0.577875098	5	0 0 1 0 1	0 1 0 1 0	0 0 1 0 1	1 0 0 1 0	1 1 1 0 1	0 0 1 0 1
X925	0.594268783	5	0 0 0 1 1	0 0 0 1 1	1 1 1 1 0	1 0 0 0 0	0 0 0 1 0	0 0 0 1 0
X926	0.679519582	5	0 1 0 0 0	0 1 0 0 1	0 0 0 1 1	1 1 1 0 0	0 0 1 0 0	0 1 0 0 0
X927	0.12606334	5	1 0 1 1 0	0 0 1 1 0	1 1 0 0 0	1 0 1 1 1	1 0 0 1 1	1 0 1 1 0
X928	0.311498849	5	0 1 1 1 0	0 1 1 0 1	0 1 1 0 0	0 1 1 1 1	1 1 0 0 0	0 1 1 0 0
X929	0.818779635	5	0 1 1 1 1	0 1 0 1 1	0 0 0 1 0	1 1 0 1 0	0 0 0 0 0	0 1 0 1 0
X930	0.494299382	5	1 0 1 0 0	0 1 1 0 1	0 0 1 1 0	0 0 0 0 1	1 1 1 0 1	0 0 1 0 1
X931	0.712626804	5	1 1 0 1 0	1 0 0 0 1	1 0 0 0 0	0 0 1 0 0	0 1 1 0 1	1 0 0 0 0
X932	0.714306402	5	1 1 0 1 1	0 0 1 1 0	1 1 0 0 1	1 0 0 1 0	0 1 1 0 1	1 1 0 1 1
X933	0.673797175	5	0 0 1 1 0	1 0 0 0 0	0 0 0 0 1	0 0 0 1 1	0 1 1 1 0	0 0 0 1 0
X934	0.487725825	5	0 0 1 1 0	0 0 1 1 0	0 0 0 1 1	1 1 1 1 1	0 1 0 1 1	0 0 1 1 1
X935	0.566863149	5	0 1 1 0 0	1 1 1 0 0	1 1 0 0 0	0 1 0 1 1	0 0 1 0 1	0 1 1 0 0
X936	0.848553999	5	1 1 1 1 1	0 1 1 1 1	1 1 0 1 0	1 0 0 1 0	0 1 0 0 1	1 1 0 1 1
X937	0.474989892	5	0 0 1 0 1	1 0 1 1 0	1 1 0 0 0	1 0 1 0 0	1 1 0 0 0	1 0 1 0 0
X938	0.765198088	5	1 0 1 0 0	1 1 0 0 0	0 1 1 0 1	1 0 0 1 0	1 0 1 1 1	1 0 1 0 0
X939	0.796678143	5	1 1 0 0 1	1 0 1 1 1	1 0 0 0 1	0 1 1 1 1	0 1 1 0 0	1 1 1 0 1
X940	0.90584073	5	0 0 0 0 1	0 1 1 1 0	1 1 0 1 0	0 0 1 0 1	1 0 1 0 1	0 0 1 0 1
X941	0.183627527	5	1 1 0 1 0	1 1 0 0 0	1 0 1 1 0	0 1 1 1 1	1 0 1 1 1	1 1 1 1 0
X942	0.35898357	5	0 0 0 0 1	1 0 0 0 0	0 0 0 1 0	0 1 0 0 0	1 0 0 1 1	0 0 0 0 0
X943	0.162795653	5	0 1 1 0 1	0 1 0 1 1	0 1 0 1 0	1 0 1 0 0	0 0 0 1 1	0 1 0 1 1
X944	0.889879734	5	0 0 0 1 0	1 0 1 1 0	1 0 0 0 0	1 0 1 0 0	0 0 1 1 1	1 0 1 1 0
X945	0.315329241	5	0 1 1 1 0	0 0 1 0 1	0 0 1 0 0	1 1 1 0 1	1 1 0 1 1	0 1 1 0 1
X946	0.261246415	5	0 0 1 0 0	0 1 0 1 1	1 0 0 1 1	1 0 0 1 1	0 1 1 0 0	0 0 0 1 1
X947	0.211270973	5	1 1 1 0 0	0 0 1 0 1	1 1 0 0 0	0 1 1 1 0	1 1 1 1 0	1 1 1 0 0
X948	0.075463399	5	0 1 0 1 1	0 0 0 1 1	0 1 0 1 0	1 1 0 0 1	0 0 1 0 0	0 1 0 1 1
X949	0.042530221	5	0 0 1 0 1	0 0 1 1 1	0 1 1 0 0	0 0 1 1 0	0 1 0 0 0	0 0 1 0 0
X950	0.713345598	5	0 0 0 1 1	1 0 0 1 0	1 1 1 1 1	0 1 1 1 1	1 1 1 1 1	1 1 1 1 1
X951	0.068348308	5	1 1 0 1 0	0 0 0 1 0	1 1 0 0 1	0 1 1 0 0	1 1 0 1 1	1 1 0 1 0
X952	0.94894732	5	0 0 0 0 0	1 0 0 0 1	0 0 1 0 1	1 0 1 1 1	0 0 0 1 1	0 0 0 0 1
X953	0.51682208	5	1 0 1 0 1	1 1 1 0 0	1 0 0 1 0	1 0 1 1 1	0 1 1 0 1	1 0 1 0 1
X954	0.802505662	5	0 0 1 1 0	1 0 1 1 1	0 0 1 0 0	1 0 0 0 0	1 1 0 1 1	1 0 1 1 0
X955	0.309082976	5	1 0 0 0 0	1 0 1 1 0	1 0 0 1 1	0 0 0 1 0	0 0 1 1 0	1 0 0 1 0
X956	0.377449593	5	1 1 0 1 1	0 0 0 0 0	0 0 1 0 0	1 0 1 1 0	0 1 0 1 1	0 0 0 1 0
X957	0.201162668	5	1 0 1 0 0	0 0 0 1 0	0 0 1 1 1	1 0 0 0 1	1 1 1 0 1	1 0 1 0 1
X958	0.922118653	5	0 0 1 1 1	1 1 1 1 0	0 0 1 0 1	0 1 1 0 0	1 1 0 0 0	0 1 1 0 0
X959	0.714597944	5	0 0 1 0 0	1 1 1 0 0	0 1 1 0 1	1 1 0 1 0	1 1 1 1 1	1 1 1 0 0
X960	0.008529655	5	1 0 0 0 1	0 1 0 0 1	1 0 0 0 1	0 1 0 1 1	0 1 0 1 0	0 1 0 0 1
X961	0.806507692	5	0 1 0 1 1	1 0 0 1 1	0 0 0 1 0	0 1 1 0 0	1 0 0 1 1	0 0 0 1 1
X962	0.202043723	5	0 0 1 0 0	1 0 0 1 1	0 1 0 0 0	1 0 1 0 0	1 0 0 0 1	1 0 0 0 0
X963	0.358698563	5	0 1 0 0 1	1 1 0 1 1	1 0 1 0 1	1 1 0 0 1	0 1 0 1 0	1 1 0 0 1
X964	0.530093728	5	1 0 1 0 0	0 0 1 0 0	1 1 0 0 0	1 1 1 1 1	0 1 1 1 0	1 1 1 0 0
X965	0.802596683	5	1 0 0 1 1	1 1 1 1 1	1 0 1 1 1	0 1 0 0 1	1 1 0 1 1	1 1 0 1 1
X966	0.006580995	5	1 1 1 1 0	0 0 1 0 1	0 1 1 0 1	0 1 0 1 1	0 1 1 1 0	0 1 1 1 1
X967	0.866414406	5	1 1 1 1 0	1 1 0 1 1	0 1 0 1 1	1 0 0 0 0	0 1 1 1 0	1 1 0 1 0
X968	0.85594278	5	0 0 1 1 0	0 1 0 1 0	1 1 1 0 0	1 0 0 1 1	1 1 0 0 0	1 1 0 1 0
X969	0.521623434	5	0 0 0 1 0	0 0 1 0 0	0 0 0 1 0	1 0 1 1 0	1 0 0 0 1	0 0 0 1 0
X970	0.314929236	5	1 0 0 1 1	0 0 1 1 1	0 0 1 0 0	0 1 0 1 1	1 0 1 0 0	0 0 1 1 1
X971	0.167083637	5	1 1 1 0 0	1 0 0 0 0	1 1 0 1 0	1 1 1 0 1	0 0 1 1 0	1 1 1 0 0
X972	0.866255478	5	1 1 1 1 1	1 0 1 0 1	1 0 1 0 1	1 0 0 1 1	0 1 1 0 0	1 0 1 0 1
X973	0.708359745	5	0 0 0 0 0	1 1 0 0 0	0 0 0 1 0	1 0 1 1 1	1 0 1 1 0	1 0 0 1 0
X974	0.600285477	5	0 0 1 0 1	1 0 1 0 0	0 1 0 0 0	1 1 1 1 1	0 1 1 1 1	0 1 1 0 1
X975	0.990339078	5	1 1 0 0 1	0 0 1 1 0	1 1 1 0 0	1 1 0 1 0	1 1 1 0 1	1 1 1 0 0
X976	0.61634159	5	0 1 0 1 1	1 1 1 1 0	1 1 1 1 0	1 0 0 0 1	0 1 0 1 1	1 1 0 1 1
X977	0.527245418	5	1 1 1 0 1	1 0 1 1 0	0 1 1 1 0	1 1 0 1 0	0 0 0 1 1	1 1 1 1 0
X978	0.239706205	5	1 0 0 1 0	1 0 0 1 0	0 1 1 0 1	0 0 1 1 1	0 0 0 0 1	0 0 0 1 1
X979	0.003972909	5	0 1 1 0 1	0 1 0 0 1	1 0 1 1 0	1 1 0 1 1	1 1 0 0 1	1 1 0 0 1
X980	0.720810898	5	1 0 1 1 1	0 1 1 0 1	1 1 1 0 0	1 1 1 0 1	1 1 0 1 1	1 1 1 0 1
X981	0.004632376	5	1 1 1 0 1	0 1 1 1 0	1 1 0 1 1	1 1 0 1 1	1 0 1 0 1	1 1 1 1 1
X982	0.061878769	5	0 0 1 1 0	0 0 1 0 0	1 0 0 0 0	0 0 0 1 0	1 1 1 1 0	0 0 1 1 0
X983	0.33626241	5	1 1 0 1 1	0 0 0 0 1	0 1 0 0 1	0 1 1 1 1	1 1 0 0 0	0 1 0 0 1
X984	0.801938126	5	0 0 1 0 1	1 1 1 0 1	0 1 0 0 1	1 1 1 0 1	1 0 0 0 1	1 1 1 0 1
X985	0.620888061	5	0 1 0 1 1	1 0 1 0 0	0 0 0 1 0	1 1 1 1 1	1 0 0 1 0	1 0 0 1 0
X986	0.559535272	5	1 1 0 1 0	1 0 1 0 0	1 1 1 0 1	1 0 0 0 0	0 1 0 1 0	1 1 0 0 0
X987	0.604023889	5	1 1 1 1 0	0 0 1 1 1	0 0 0 1 0	0 1 0 1 0	1 1 0 0 0	0 1 0 1 0
X988	0.21209361	5	0 0 1 1 1	1 1 0 0 0	1 0 0 1 1	1 1 0 1 1	1 1 0 1 1	1 1 0 1 1
X989	0.334102342	5	1 0 0 1 1	0 1 0 1 1	0 0 0 1 0	1 0 0 0 1	0 1 1 1 0	0 0 0 1 1
X990	0.793354246	5	1 1 0 0 0	0 1 0 1 0	0 0 0 1 0	1 0 1 0 0	0 0 1 1 0	0 0 0 1 0
X991	0.529516883	5	0 1 0 0 1	0 0 0 1 1	1 0 1 1 1	0 1 0 1 0	1 0 1 1 1	0 0 0 1 1
X992	0.2945332	5	1 0 1 1 1	1 1 0 1 1	0 1 0 1 1	0 1 1 1 0	1 0 0 1 1	1 1 0 1 1
X993	0.295793615	5	0 0 1 1 1	0 0 1 1 1	1 0 1 0 0	0 0 0 1 1	1 0 0 0 1	0 0 1 1 1
X994	0.468934347	5	0 0 1 0 0	1 1 1 1 0	0 0 0 1 1	1 1 0 1 0	0 1 1 0 0	0 1 1 1 0
X995	0.955812034	5	1 1 0 1 1	0 1 1 1 0	1 0 1 1 1	0 1 0 1 0	0 0 0 0 0	0 1 0 1 0
X996	0.539672358	5	1 1 1 0 1	0 0 1 1 0	0 1 1 0 0	1 0 1 1 0	1 1 1 0 0	1 1 1 0 0
X997	0.206730103	5	1 0 0 0 1	0 0 1 1 1	0 1 0 0 1	0 1 1 1 0	0 1 0 1 0	0 1 0 1 1
X998	0.815670412	5	1 0 0 0 1	1 1 0 1 1	1 0 0 1 1	0 0 0 0 0	1 1 1 0 1	1 0 0 0 1
X999	0.068853334	5	1 0 1 0 1	1 0 0 1 1	1 1 1 1 0	1 0 1 0 1	1 1 1 0 0	1 0 1 0 1
X1000	0.106801274	5	0 1 1 1 0	0 0 1 1 0	1 1 0 0 1	0 1 1 0 1	1 0 1 0 1	0 1 1 0 1