Name	Probability	Cycle	Input_1	Input_2	Input_3	Input_4	Input_5	Output
Test1	0.681282095	5	1 1 0 1 0	1 1 1 0 0	1 0 0 1 1	1 0 0 1 0	0 0 0 1 0	0 0 1 0 1
Test2	0.360273065	5	1 1 0 0 1	1 1 1 0 0	0 1 0 1 1	0 0 0 1 1	1 0 1 1 1	1 1 0 1 0
Test3	0.182263109	5	0 0 1 1 1	1 0 0 1 0	0 0 1 0 1	0 1 0 1 0	0 0 0 0 0	1 1 0 1 0
Test4	0.66198258	5	0 0 1 1 0	0 0 0 0 0	1 1 1 1 1	1 1 1 1 1	0 0 0 0 1	0 0 1 1 1
Test5	0.829204368	5	1 0 0 1 0	0 0 0 0 1	1 0 1 0 0	0 0 0 1 1	0 1 1 1 0	0 1 0 1 0
Test6	0.818438965	5	0 1 0 1 1	1 0 1 0 1	1 0 0 0 1	0 0 1 1 0	1 0 1 1 0	1 1 1 1 1
Test7	0.686155577	5	0 1 0 0 0	1 0 1 0 0	0 1 1 0 1	0 0 0 1 1	0 1 1 1 0	1 1 1 0 0
Test8	0.209482928	5	1 0 0 1 1	1 1 1 1 0	1 0 1 0 0	0 0 1 0 0	1 1 0 0 0	0 0 1 0 1
Test9	0.722140671	5	0 1 1 0 1	0 1 0 1 1	0 0 1 0 1	1 1 1 1 0	1 0 1 1 1	0 1 0 1 0
Test10	0.170930964	5	1 0 1 1 0	0 0 0 1 0	1 0 1 1 0	0 0 0 0 1	1 1 1 0 1	1 1 1 1 0
Test11	0.834823842	5	1 1 0 1 0	0 0 1 1 1	0 1 1 1 0	1 0 0 0 0	1 0 1 1 0	1 0 1 0 1
Test12	0.537366498	5	1 1 1 1 0	1 0 0 0 0	1 0 0 0 1	1 1 0 0 0	0 0 1 0 0	0 0 0 1 1
Test13	0.881258599	5	1 1 1 1 0	0 0 1 0 0	0 1 0 0 0	0 1 1 0 0	0 0 1 0 0	1 1 0 1 0
Test14	0.532856709	5	0 1 1 1 1	1 1 0 1 1	0 1 1 0 1	1 1 0 1 0	0 0 0 0 1	0 0 0 1 0
Test15	0.711074542	5	0 0 0 1 0	1 1 0 0 1	0 0 0 1 1	1 0 1 1 0	0 1 1 0 1	0 0 0 1 1
Test16	0.716186287	5	1 0 1 1 0	1 0 0 0 0	0 1 1 1 0	0 1 0 0 1	0 0 0 1 0	0 0 0 1 1
Test17	0.45510348	5	0 0 0 1 1	0 0 0 0 0	1 0 0 0 1	0 1 1 1 0	0 1 0 1 1	1 0 1 1 1
Test18	0.277201273	5	1 0 0 0 1	0 1 0 0 1	0 0 0 0 0	1 0 0 0 0	1 0 1 0 0	1 1 1 0 0
Test19	0.65646222	5	0 1 0 0 1	1 1 1 1 0	0 0 1 0 0	1 0 1 1 1	0 0 1 0 0	0 0 0 0 0
Test20	0.446971292	5	0 0 1 1 0	1 0 0 0 1	1 1 0 1 1	1 1 1 1 1	0 0 0 0 1	1 0 0 1 0
Test21	0.853188528	5	0 1 0 0 0	0 1 0 0 1	0 1 1 0 0	1 0 0 1 0	1 1 1 0 1	0 0 0 1 0
Test22	0.492103124	5	0 0 1 1 0	1 1 0 1 1	0 0 1 1 1	1 0 0 1 0	1 1 0 0 0	1 0 0 0 0
Test23	0.350229991	5	1 0 1 1 0	1 1 0 1 1	0 0 0 1 0	1 0 1 1 0	0 1 1 1 0	1 0 1 1 1
Test24	0.710158867	5	1 1 0 0 1	1 1 1 1 0	1 0 1 0 0	0 1 0 1 1	0 0 1 0 1	1 1 1 0 1
Test25	0.309898113	5	1 1 0 1 1	1 1 1 1 0	0 1 0 0 1	0 1 1 0 1	1 0 0 1 0	1 0 0 1 1
Test26	0.355857304	5	1 1 0 1 1	1 1 1 0 1	0 1 0 0 0	1 0 0 0 0	1 1 0 0 1	0 0 1 1 1
Test27	0.073371249	5	0 0 0 0 1	0 0 1 0 0	1 0 0 0 1	0 1 1 0 1	0 1 1 1 0	1 0 1 1 1
Test28	0.996143261	5	1 1 1 0 0	1 1 1 1 0	0 1 0 1 0	1 1 0 1 0	1 0 1 1 1	0 0 1 0 1
Test29	0.665974837	5	0 0 0 1 0	1 0 0 1 0	0 0 1 1 0	1 0 1 1 0	1 0 0 0 1	1 0 0 0 1
Test30	0.666859525	5	0 1 0 0 0	0 0 1 0 0	0 1 0 0 1	1 1 0 1 0	0 0 1 1 0	1 1 0 0 1
Test31	0.442580791	5	0 1 1 1 0	1 0 1 0 0	0 1 0 1 1	0 1 0 1 1	0 1 0 0 1	1 0 0 1 1
Test32	0.351230512	5	1 1 1 1 0	0 0 0 0 0	1 1 0 1 0	1 0 0 0 0	0 0 0 1 0	1 0 1 1 0
Test33	0.362256552	5	1 0 0 1 1	1 0 1 0 1	1 0 0 1 1	1 1 0 0 1	1 0 0 0 0	1 1 1 0 0
Test34	0.257688961	5	0 0 1 0 0	0 0 0 0 0	0 1 0 1 1	0 1 0 1 1	0 0 0 1 0	0 0 1 1 0
Test35	0.496856014	5	1 1 1 0 0	0 1 0 1 0	1 1 1 0 1	0 0 0 1 0	1 0 0 1 0	1 1 0 1 1
Test36	0.36568986	5	1 1 0 1 0	0 1 0 0 0	1 1 1 1 0	1 1 0 1 0	0 1 1 1 1	1 1 0 0 1
Test37	0.415090221	5	1 1 0 1 1	1 1 1 0 1	0 1 0 0 1	1 0 0 1 0	1 1 0 1 0	0 0 1 1 1
Test38	0.233472493	5	1 1 1 0 1	0 1 0 0 1	1 1 1 1 0	0 0 0 1 0	0 1 0 0 1	0 0 0 0 1
Test39	0.22936625	5	1 1 1 0 1	0 1 0 1 1	1 1 1 1 1	1 1 0 1 1	1 0 0 0 0	0 0 0 1 0
Test40	0.246035437	5	0 0 0 1 0	1 0 1 0 0	1 0 1 1 0	1 1 1 1 0	1 0 0 1 0	0 1 1 0 0
Test41	0.495738648	5	1 1 0 1 0	1 1 1 1 0	0 0 1 1 1	1 1 1 1 1	0 1 1 1 1	1 0 0 1 1
Test42	0.387244761	5	1 0 0 1 1	1 1 1 1 0	1 0 0 0 0	0 1 1 0 1	0 1 1 0 1	1 1 1 0 1
Test43	0.446053217	5	1 0 0 1 0	0 0 0 1 0	1 1 0 0 1	1 0 1 0 1	1 0 1 1 0	0 1 0 1 0
Test44	0.192538265	5	1 0 0 0 1	1 1 1 0 1	1 1 0 1 1	1 1 0 0 0	0 0 0 0 0	0 1 1 1 1
Test45	0.278589858	5	1 0 0 1 1	0 0 1 1 1	0 1 0 0 0	1 1 1 1 0	0 0 0 1 1	0 0 0 0 1
Test46	0.662104816	5	1 1 1 1 0	0 1 0 1 1	1 0 1 1 1	0 1 1 0 0	0 0 0 0 0	0 1 1 1 0
Test47	0.021778651	5	1 1 0 1 1	0 1 0 1 1	1 0 0 0 1	0 0 0 1 1	1 1 0 0 1	1 1 0 1 1
Test48	0.77830351	5	1 1 1 0 1	0 0 1 0 0	1 0 0 1 1	1 0 1 1 0	0 0 1 1 1	1 1 0 1 1
Test49	0.283153658	5	0 1 1 0 0	1 1 0 1 0	1 1 0 1 0	0 0 1 0 1	1 0 0 0 1	1 1 0 0 0
Test50	0.758884533	5	1 0 1 0 0	0 0 1 1 1	0 1 1 0 1	1 0 0 0 1	0 0 1 0 1	0 1 0 1 0
Test51	0.715709416	5	0 1 0 1 1	0 0 0 0 1	0 0 0 1 1	1 1 0 0 1	1 0 0 0 0	0 0 0 0 0
Test52	0.559682354	5	0 0 0 1 1	0 0 0 1 0	0 0 0 1 0	1 0 0 0 0	0 1 1 0 1	1 1 1 1 0
Test53	0.647497588	5	0 0 0 0 0	1 1 1 0 1	1 0 1 0 0	1 1 1 1 1	1 0 1 0 1	0 0 0 1 1
Test54	0.082714564	5	0 0 0 0 1	0 0 0 1 0	1 0 0 1 1	1 0 0 1 0	0 0 1 0 0	0 0 1 1 0
Test55	0.757302273	5	1 0 1 0 0	0 1 0 0 1	1 0 1 0 0	0 0 0 0 1	0 1 0 0 0	0 0 0 0 0
Test56	0.236051923	5	0 1 0 1 0	0 1 1 1 0	1 1 0 0 1	0 0 1 1 0	0 1 1 1 1	1 0 1 0 0
Test57	0.593781102	5	0 1 1 0 1	1 1 0 1 0	0 0 0 0 1	1 0 1 1 0	1 0 0 1 1	1 0 0 1 1
Test58	0.515920877	5	0 1 0 0 0	0 1 0 1 1	1 1 1 1 0	1 0 1 1 0	0 1 1 0 1	0 0 1 1 0
Test59	0.280763031	5	1 0 1 1 0	0 1 1 0 1	0 1 0 0 0	1 1 1 1 0	1 0 1 0 1	1 1 0 0 0
Test60	0.564347752	5	0 1 0 1 0	1 0 0 1 0	0 0 1 0 1	0 1 1 0 1	1 0 1 1 1	0 0 1 1 1
Test61	0.244310116	5	1 0 1 0 1	0 0 1 0 0	0 0 0 0 1	0 0 0 1 1	0 1 1 0 0	1 1 1 1 1
Test62	0.326844752	5	0 1 1 1 1	1 0 0 1 0	1 1 0 0 1	0 1 0 1 1	1 1 1 0 1	1 0 0 1 0
Test63	0.707803277	5	1 0 1 1 0	1 1 0 0 1	0 1 1 1 1	0 1 1 1 1	1 1 0 0 0	1 0 1 1 1
Test64	0.803347428	5	0 1 0 0 1	1 0 0 1 1	1 1 1 1 0	1 1 1 1 0	1 1 0 1 1	0 0 0 0 1
Test65	0.501701053	5	0 0 0 1 0	1 0 1 0 0	0 1 1 1 1	0 1 1 0 1	1 0 1 1 1	0 0 0 1 1
Test66	0.881899265	5	0 0 1 1 0	0 1 1 1 0	0 1 0 1 0	0 1 1 1 0	1 1 1 0 1	1 0 0 0 1
Test67	0.735513451	5	1 0 1 1 0	1 0 0 0 0	0 0 1 1 1	1 1 0 1 1	1 0 1 1 1	0 1 1 0 1
Test68	0.787186574	5	1 1 0 0 1	1 1 1 1 1	0 1 1 1 0	0 0 1 0 0	0 0 0 0 0	0 1 1 0 0
Test69	0.143671946	5	1 1 1 0 0	1 1 1 0 0	0 0 0 1 0	0 1 1 0 0	1 0 1 0 1	1 1 0 1 1
Test70	0.123985063	5	0 1 0 0 0	1 0 1 0 1	1 0 1 1 1	1 1 1 1 1	1 0 1 0 0	0 0 0 0 1
Test71	0.648218646	5	0 1 1 0 1	0 1 0 1 0	1 1 0 0 0	0 1 0 1 1	0 0 0 1 1	1 0 1 1 1
Test72	0.319347746	5	1 1 0 0 0	1 0 0 0 0	1 1 0 0 0	0 1 0 0 0	1 0 1 1 0	0 1 1 1 0
Test73	0.40166291	5	1 1 1 0 1	1 1 1 0 1	1 1 0 1 0	1 0 0 0 0	1 0 0 0 0	1 1 0 1 0
Test74	0.836373981	5	1 1 1 0 0	0 0 1 1 0	0 0 0 0 0	0 0 1 1 0	1 0 0 1 0	0 1 1 1 0
Test75	0.447721305	5	1 0 1 1 1	1 1 1 1 1	0 0 0 1 1	1 0 1 1 0	1 1 1 0 1	0 0 0 0 0
Test76	0.680855343	5	0 0 0 0 1	0 0 1 0 0	1 0 0 0 1	1 0 1 0 1	0 1 0 1 1	0 1 0 1 0
Test77	0.797836537	5	1 0 0 0 0	1 1 1 1 0	1 1 1 0 1	0 1 1 1 0	0 1 0 1 0	1 0 1 1 1
Test78	0.466820784	5	0 1 1 0 1	0 0 0 1 0	0 0 0 1 1	0 0 1 0 1	1 0 1 1 1	1 1 1 1 0
Test79	0.526275425	5	1 0 0 0 0	0 1 1 1 1	0 1 0 0 1	1 0 1 1 0	0 1 0 1 0	0 1 0 1 0
Test80	0.14115474	5	1 1 1 0 1	0 1 1 0 1	0 1 0 1 1	0 1 0 1 0	1 0 1 1 0	0 0 1 1 1
Test81	0.391902716	5	1 0 1 1 1	1 0 0 1 1	1 1 0 1 0	0 0 1 0 0	0 1 1 0 1	1 0 1 1 1
Test82	0.132737874	5	1 0 1 0 0	0 0 0 1 1	1 1 1 0 0	0 0 1 0 1	0 0 0 0 1	0 1 1 1 1
Test83	0.056042712	5	0 1 1 1 0	1 0 1 1 0	0 1 1 0 1	1 0 0 1 1	1 1 1 0 1	1 1 0 1 1
Test84	0.6736874	5	1 1 0 0 0	1 1 0 1 0	0 0 0 0 0	0 0 1 0 1	0 1 0 1 1	0 1 1 0 0
Test85	0.945375506	5	0 0 1 1 0	0 0 1 1 0	0 1 0 1 1	0 0 0 1 0	1 0 0 1 0	1 1 0 1 1
Test86	0.047684917	5	1 1 1 1 0	1 1 1 1 0	0 1 0 1 1	0 1 0 1 1	0 0 0 1 0	0 0 0 1 0
Test87	0.483244091	5	0 1 0 0 0	0 1 0 1 1	0 1 0 0 0	0 1 1 1 1	1 0 0 0 1	1 0 1 0 1
Test88	0.039670339	5	0 0 0 0 1	0 1 0 0 0	0 1 1 1 1	1 0 0 1 1	1 1 1 0 1	0 1 0 0 0
Test89	0.608010373	5	0 1 1 1 1	1 0 0 0 0	1 1 1 0 0	0 0 1 1 1	0 1 1 1 1	0 1 0 1 1
Test90	0.549078215	5	1 0 0 1 1	0 0 1 1 0	0 1 0 0 0	0 0 0 1 1	0 1 1 0 0	1 0 0 1 0
Test91	0.58108845	5	0 1 0 1 1	0 1 1 1 1	1 1 0 0 0	0 1 0 0 1	1 1 1 1 0	0 1 0 1 1
Test92	0.695795012	5	1 1 0 1 0	0 0 0 1 1	1 0 1 1 1	1 1 0 1 1	0 1 1 0 1	1 1 0 0 0
Test93	0.246140604	5	0 0 0 1 0	0 0 1 0 1	0 0 1 0 0	0 0 1 1 1	0 0 0 0 0	0 0 1 0 0
Test94	0.585122175	5	1 0 1 0 1	1 1 1 1 1	1 0 0 1 0	0 0 1 1 1	0 0 1 0 0	1 1 0 1 1
Test95	0.259555948	5	0 0 0 0 0	1 1 1 1 1	0 0 0 1 0	1 1 1 0 1	1 0 1 1 1	1 0 1 1 1
Test96	0.843840295	5	0 0 0 0 1	1 1 0 1 1	0 1 1 1 1	1 1 0 1 0	1 0 1 1 1	1 1 0 0 0
Test97	0.381944633	5	1 1 1 0 0	1 0 1 1 1	0 0 1 0 0	0 1 0 0 1	0 0 0 1 1	0 0 1 0 1
Test98	0.364538342	5	1 1 1 0 1	1 1 1 1 1	0 1 1 1 0	1 1 0 0 0	0 1 1 1 0	1 1 0 1 0
Test99	0.108017499	5	0 1 0 1 1	0 0 1 1 1	1 0 0 1 0	1 1 1 1 1	1 1 0 1 0	1 1 0 1 1
Test100	0.660245835	5	1 0 1 0 0	0 1 1 0 1	0 1 1 0 0	1 0 1 1 0	1 0 0 0 1	1 0 0 1 0
Test101	0.566679914	5	1 0 0 1 1	0 1 1 1 0	1 1 0 0 0	0 0 1 1 1	1 0 0 1 0	1 0 0 0 0
Test102	0.228701446	5	1 0 0 1 0	0 0 1 0 0	0 1 1 0 1	1 1 1 1 1	0 0 1 1 1	0 0 0 1 1
Test103	0.490495285	5	0 1 0 1 0	0 1 0 1 0	1 0 1 1 1	1 0 0 1 0	1 0 1 0 1	1 0 0 0 0
Test104	0.155396704	5	0 0 0 0 0	1 0 0 1 0	0 1 1 1 1	0 1 1 0 0	0 1 0 1 1	1 1 0 1 0
Test105	0.189591533	5	1 1 1 1 0	1 0 1 0 1	1 1 0 0 1	1 0 1 1 0	1 1 1 1 0	1 1 0 1 0
Test106	0.427332523	5	0 1 1 0 1	0 1 1 1 1	1 0 0 1 0	1 0 1 0 0	1 1 0 0 0	1 1 1 0 0
Test107	0.080821887	5	0 1 1 1 0	0 0 1 1 0	0 1 0 0 1	1 0 1 1 1	1 0 0 1 1	0 0 1 0 1
Test108	0.605417491	5	0 0 1 1 1	1 1 1 1 1	1 0 0 1 0	1 0 1 0 0	1 1 0 0 0	0 0 1 1 0
Test109	0.748251043	5	0 0 1 0 0	1 0 0 0 0	0 1 0 0 0	0 0 1 0 1	0 0 0 0 0	1 1 0 0 1
Test110	0.592106606	5	0 0 0 0 0	0 1 0 0 0	0 0 1 1 0	1 1 1 1 0	0 0 0 0 0	1 0 0 0 0
Test111	0.805591653	5	0 1 1 1 1	0 1 1 1 1	0 0 1 1 1	1 0 1 1 1	0 0 0 0 0	1 0 0 0 0
Test112	0.111550241	5	0 0 1 0 1	0 0 0 1 0	0 1 1 1 1	0 0 1 1 1	1 1 0 1 1	1 0 1 0 0
Test113	0.936842458	5	0 0 0 0 0	0 1 1 1 1	0 0 0 1 0	1 0 1 0 1	1 1 1 0 0	0 0 1 0 0
Test114	0.194838283	5	1 1 0 1 0	1 1 0 1 0	1 0 1 1 0	1 1 1 0 0	1 1 0 0 0	1 0 0 1 0
Test115	0.184239453	5	0 1 0 1 1	1 1 1 1 0	1 0 0 0 1	1 0 0 0 1	1 1 1 0 0	0 1 0 0 1
Test116	0.698633214	5	1 1 0 0 1	0 1 1 1 1	0 1 1 1 0	0 1 1 0 0	0 0 0 0 0	1 0 1 0 0
Test117	0.461774166	5	1 0 0 1 1	1 1 0 0 0	1 0 0 1 0	1 0 0 0 0	0 1 0 1 0	0 0 0 1 1
Test118	0.390971569	5	1 1 0 1 0	1 1 1 0 1	0 0 1 0 1	1 1 1 0 1	0 1 1 0 1	1 0 0 1 0
Test119	0.65122263	5	0 1 1 1 0	0 0 1 1 0	1 1 1 1 0	0 0 1 1 1	0 1 0 1 1	1 1 0 1 0
Test120	0.855158	5	1 1 1 1 1	1 1 1 0 1	0 1 1 1 0	0 1 0 1 1	1 0 1 1 0	1 0 0 0 1
Test121	0.809695594	5	1 1 1 1 1	1 1 1 0 0	0 0 1 1 1	0 0 1 0 1	0 0 0 0 0	0 0 0 0 1
Test122	0.997112046	5	1 1 0 1 0	0 0 0 0 1	0 1 1 1 0	0 0 1 1 1	0 1 1 0 1	1 1 1 1 1
Test123	0.798189475	5	0 0 1 0 1	0 0 1 0 0	0 1 0 1 0	0 0 1 1 1	0 1 0 1 1	0 0 1 1 1
Test124	0.411333264	5	0 0 0 1 1	1 1 0 1 1	0 1 1 0 0	0 0 1 0 1	0 1 0 0 0	1 1 0 0 1
Test125	0.819097647	5	1 1 1 1 1	1 1 0 0 1	1 0 1 1 0	1 0 0 0 1	1 0 1 0 1	1 0 1 0 0
Test126	0.007330983	5	1 0 0 0 1	1 1 0 0 1	0 1 0 0 1	0 1 1 0 0	0 1 0 0 1	0 0 1 0 0
Test127	0.838448762	5	1 0 1 0 0	0 0 1 0 0	0 0 1 0 1	0 0 1 1 0	0 1 1 0 1	1 1 1 1 0
Test128	0.554877284	5	1 0 0 1 1	1 1 0 1 0	0 0 0 1 0	1 1 0 1 1	1 1 0 0 0	0 1 0 0 0
Test129	0.070251805	5	0 0 0 1 0	1 0 0 0 1	1 0 0 1 1	0 1 0 1 0	0 1 0 0 0	0 0 0 1 0
Test130	0.765689731	5	0 1 0 0 1	1 0 1 0 0	1 1 0 0 1	1 0 1 0 0	0 0 1 0 0	1 0 1 0 0
Test131	0.868106737	5	0 0 1 1 1	1 1 1 0 1	0 0 0 0 1	1 0 0 0 1	0 0 0 1 0	0 1 0 0 0
Test132	0.198517596	5	1 0 1 0 1	1 0 1 1 1	0 0 1 0 1	0 1 1 1 0	1 1 0 0 1	1 0 0 0 0
Test133	0.640054816	5	0 0 0 1 1	0 0 0 0 0	1 0 1 0 1	0 1 0 0 0	1 1 0 0 1	0 0 1 1 1
Test134	0.460463537	5	0 1 1 0 0	1 1 0 0 1	1 0 1 1 0	1 0 1 1 1	0 1 0 0 1	1 1 1 0 1
Test135	0.592678406	5	1 0 0 1 1	1 1 1 0 0	1 1 1 1 1	1 0 0 0 1	1 1 1 0 0	1 1 1 0 1
Test136	0.046133732	5	0 1 1 0 0	0 0 1 1 0	1 0 1 0 1	0 1 0 0 1	1 1 1 1 1	0 1 0 0 1
Test137	0.879232467	5	0 1 1 1 1	1 0 1 1 1	0 0 1 0 0	1 0 1 0 1	0 1 1 0 0	0 0 1 0 1
Test138	0.557088521	5	1 0 0 1 1	0 1 1 0 0	0 0 1 0 1	0 1 1 0 0	0 0 1 0 0	1 0 0 1 0
Test139	0.518659079	5	1 1 0 1 1	1 0 0 0 0	1 0 1 0 1	0 1 1 0 1	1 1 0 1 1	0 1 0 0 0
Test140	0.43265668	5	0 1 0 0 1	1 0 1 0 0	1 0 1 1 0	1 1 0 0 1	1 0 1 0 1	0 0 1 1 1
Test141	0.775044667	5	0 1 1 0 0	1 1 1 1 0	0 0 0 0 0	0 0 1 1 0	0 0 0 1 0	1 0 1 1 0
Test142	0.544616783	5	1 0 0 0 0	1 1 1 0 1	0 1 0 1 1	0 1 0 1 1	0 1 0 0 0	0 0 1 0 1
Test143	0.156510589	5	0 1 0 0 1	1 1 1 0 0	0 0 0 0 1	1 1 0 1 0	0 0 1 0 0	0 1 0 1 0
Test144	0.352303686	5	1 1 0 0 1	1 1 0 0 0	0 0 1 1 1	1 0 0 1 0	1 0 0 1 0	0 0 1 1 0
Test145	0.829190915	5	1 0 0 0 1	1 1 0 0 1	1 1 0 1 0	0 0 0 0 1	0 1 0 1 1	1 1 0 0 0
Test146	0.772768419	5	0 1 0 1 1	1 0 0 1 0	0 0 0 1 0	0 1 1 1 0	0 0 1 0 1	1 0 0 0 0
Test147	0.282282222	5	1 0 1 1 1	1 1 0 1 0	1 0 1 0 0	1 0 1 1 0	0 0 0 1 1	0 1 1 0 0
Test148	0.271855833	5	1 1 0 0 0	0 1 0 1 1	0 1 0 1 1	0 1 1 1 0	1 0 0 0 0	0 0 1 1 0
Test149	0.906301415	5	1 0 1 1 0	1 0 0 0 1	0 0 0 1 1	1 0 0 0 0	1 1 0 1 1	0 1 1 1 1
Test150	0.515104526	5	0 0 0 1 0	1 1 0 0 0	1 1 1 1 0	0 1 1 0 1	0 1 0 0 1	0 0 0 0 0
Test151	0.976503579	5	1 1 1 1 0	0 0 0 0 0	0 0 1 1 1	1 1 0 1 0	1 1 1 0 1	1 1 1 1 0
Test152	0.330230025	5	0 1 1 1 0	0 0 1 1 0	1 0 1 0 1	1 1 1 1 0	1 1 0 0 0	1 1 0 1 1
Test153	0.046241398	5	0 0 0 0 0	0 0 0 0 0	1 1 1 0 0	1 1 1 1 0	1 0 1 1 0	1 0 1 0 0
Test154	0.937327663	5	1 0 0 0 0	1 0 0 0 0	0 0 0 0 0	0 0 0 0 1	0 1 1 0 1	0 1 1 0 0
Test155	0.362177119	5	0 0 1 1 1	1 1 1 0 0	1 0 0 1 0	0 1 0 1 0	1 0 1 1 1	1 0 1 0 0
Test156	0.951593284	5	0 0 0 1 0	1 1 1 1 0	1 0 1 1 0	1 1 0 0 0	0 0 1 0 1	1 0 1 1 1
Test157	0.306483952	5	0 0 1 0 0	0 1 1 0 0	0 1 0 1 0	1 1 1 0 0	0 1 1 1 1	1 0 0 0 1
Test158	0.38031947	5	1 0 0 1 0	1 0 0 0 1	1 1 1 0 1	0 0 1 0 0	0 0 0 0 1	1 1 0 1 1
Test159	0.397102115	5	1 0 0 1 0	0 0 1 1 0	0 0 0 1 1	0 1 1 1 0	0 0 0 1 0	1 1 0 1 1
Test160	0.959868924	5	0 1 0 1 1	0 1 1 0 1	1 1 0 0 1	0 0 1 1 0	1 0 1 0 0	0 1 1 0 1
Test161	0.275176107	5	1 1 0 0 1	0 1 1 0 1	0 0 0 1 0	1 1 0 1 0	0 1 0 1 1	0 0 1 1 1
Test162	0.850926762	5	0 0 1 1 1	1 1 1 0 1	0 0 1 1 1	0 0 0 0 0	0 0 0 0 0	1 1 1 0 1
Test163	0.263844201	5	0 1 1 1 1	0 0 0 1 0	1 0 0 1 1	0 1 1 0 0	0 0 0 1 0	1 0 0 0 0
Test164	0.154371667	5	0 1 0 1 1	0 0 0 1 1	1 1 0 1 0	1 1 0 1 0	1 0 0 1 0	1 1 0 1 0
Test165	0.250226335	5	1 1 0 0 0	0 1 0 1 1	1 1 0 1 0	0 1 0 1 0	1 1 1 1 0	1 1 1 0 1
Test166	0.788366599	5	0 1 1 0 1	1 1 0 1 1	1 0 1 0 0	0 1 1 1 0	1 1 1 0 1	1 0 0 0 1
Test167	0.80304003	5	0 0 0 0 1	0 0 0 1 0	1 0 0 0 0	0 0 1 0 0	0 0 1 0 0	1 0 0 1 1
Test168	0.02775369	5	1 0 0 0 1	1 0 0 1 0	0 1 1 1 0	1 1 1 0 0	1 1 0 0 1	0 1 0 0 0
Test169	0.13112362	5	1 1 0 0 1	1 0 1 0 1	1 1 1 0 1	0 0 1 1 1	0 0 0 1 1	1 0 1 0 1
Test170	0.114403873	5	0 0 0 1 0	1 0 1 0 1	0 0 0 0 0	0 0 0 0 1	0 0 1 0 1	1 0 0 1 1
Test171	0.664390634	5	1 1 1 1 0	0 1 0 0 1	1 1 0 1 1	1 1 0 0 1	1 0 1 1 1	0 0 0 1 0
Test172	0.90530557	5	0 1 1 1 0	1 1 0 0 0	0 1 0 0 1	0 1 0 0 0	1 1 0 0 1	0 1 1 1 0
Test173	0.298488038	5	1 0 1 0 0	1 0 1 1 1	0 0 0 1 1	0 0 1 1 1	1 1 0 1 0	1 1 1 0 1
Test174	0.06409685	5	0 0 1 1 0	0 0 1 0 1	1 0 0 1 0	1 1 1 0 1	1 1 1 1 0	1 0 0 1 0
Test175	0.900036714	5	1 1 0 1 1	1 1 1 1 0	1 0 1 0 1	0 0 0 1 0	1 0 1 0 0	0 0 1 1 0
Test176	0.703551437	5	0 1 1 0 1	1 1 1 1 1	0 1 1 0 1	1 1 0 1 1	0 0 0 0 0	0 0 1 0 0
Test177	0.470536109	5	1 1 0 1 0	1 1 0 1 0	0 0 1 1 0	0 0 1 0 0	1 0 1 0 0	1 0 1 1 0
Test178	0.799373756	5	0 1 0 1 1	1 1 1 1 1	1 1 1 1 0	0 0 1 1 1	1 0 0 1 1	1 1 1 1 0
Test179	0.736554509	5	0 1 0 1 0	0 1 0 0 1	0 0 0 1 0	0 1 0 1 1	1 0 1 0 0	1 1 1 1 0
Test180	0.207508003	5	1 0 0 0 1	1 0 0 1 1	0 0 0 1 0	1 1 0 1 0	0 1 1 0 1	1 0 1 1 1
Test181	0.707102184	5	0 1 0 1 1	0 1 1 0 0	1 0 1 0 1	1 1 0 0 1	1 0 0 0 0	1 1 0 1 1
Test182	0.479939846	5	0 0 0 1 0	1 1 0 1 1	0 0 1 1 0	0 1 1 1 0	0 0 0 0 1	1 0 0 0 0
Test183	0.108687903	5	0 0 0 0 1	1 1 0 1 1	1 1 1 0 0	1 0 0 0 0	0 1 1 0 0	1 1 0 1 0
Test184	0.99255662	5	1 1 0 0 0	1 0 1 0 0	1 1 1 0 0	1 0 1 1 0	1 0 1 1 1	1 0 0 0 1
Test185	0.407143199	5	0 0 0 1 0	0 0 0 0 0	1 0 0 1 0	0 0 1 0 1	1 0 0 0 0	0 0 1 0 1
Test186	0.82129374	5	0 0 0 1 0	0 0 0 1 1	0 0 0 0 0	1 0 1 0 0	1 0 0 0 1	0 0 1 0 0
Test187	0.113470309	5	1 1 1 0 1	0 1 0 0 0	1 1 1 0 0	0 0 1 1 1	0 0 1 1 0	0 1 0 0 0
Test188	0.945905516	5	0 1 0 0 0	1 1 0 1 0	1 0 0 0 0	0 1 1 0 0	0 1 0 1 1	0 0 1 0 1
Test189	0.646945194	5	1 1 1 0 1	0 0 0 1 1	1 1 1 0 1	1 1 0 1 0	1 0 1 0 0	0 1 1 0 1
Test190	0.056302707	5	0 1 0 0 0	1 1 0 1 1	0 0 0 1 1	0 0 0 1 1	0 1 0 1 1	1 1 0 0 0
Test191	0.925787652	5	0 1 1 0 1	0 0 0 0 0	1 0 0 0 1	1 0 1 0 1	1 1 1 1 0	1 0 1 1 1
Test192	0.414505776	5	1 1 1 1 0	1 0 1 0 1	1 0 1 1 1	1 0 1 0 0	1 0 1 1 0	1 1 1 1 0
Test193	0.183541994	5	1 1 0 1 1	1 0 1 0 1	1 0 0 1 0	0 0 0 0 0	1 1 1 0 0	0 0 0 0 0
Test194	0.929197795	5	0 1 0 0 1	1 0 0 1 1	1 0 0 1 0	0 1 0 1 0	0 1 1 0 1	0 1 1 1 1
Test195	0.710801118	5	0 0 1 1 1	1 1 0 1 0	0 0 0 1 0	1 1 0 1 1	0 1 1 0 1	0 1 0 0 1
Test196	0.070812914	5	0 1 0 1 0	0 0 0 1 0	0 0 0 0 1	1 0 0 0 0	1 0 0 1 0	0 1 0 1 1
Test197	0.226359954	5	1 1 0 0 0	0 1 0 1 0	1 0 1 0 1	0 0 1 1 0	0 0 1 1 1	0 0 1 1 0
Test198	0.87122279	5	1 0 1 1 0	0 0 0 0 1	1 0 1 0 1	1 0 1 1 1	0 1 0 0 0	1 1 1 0 1
Test199	0.466748407	5	1 0 1 1 1	1 1 0 1 1	0 1 1 0 0	1 0 1 1 1	1 1 0 0 0	0 1 1 1 1
Test200	0.802548686	5	0 0 0 0 1	1 1 1 1 1	0 1 0 1 0	0 1 0 1 0	0 1 0 0 1	1 0 1 1 1
Test201	0.848291633	5	1 0 1 1 0	1 0 0 0 1	1 0 1 0 0	1 1 1 1 1	1 1 1 0 0	1 0 0 0 0
Test202	0.704173913	5	1 0 0 0 0	1 1 1 1 1	1 1 1 1 0	1 1 1 1 0	1 0 1 0 0	1 1 0 1 1
Test203	0.149893651	5	1 1 1 0 0	0 1 1 0 1	1 0 1 1 0	1 0 1 0 0	0 1 1 0 1	1 1 1 1 0
Test204	0.518055624	5	0 0 0 0 0	1 0 0 1 0	0 0 0 1 0	1 0 0 0 1	0 1 1 0 0	0 1 1 0 1
Test205	0.837805956	5	0 1 0 0 1	1 0 0 1 1	1 1 0 1 0	0 0 0 0 0	0 0 0 1 0	0 0 0 1 0
Test206	0.393423626	5	1 1 1 0 0	1 1 1 1 0	0 0 1 0 0	1 0 1 1 1	0 0 0 0 0	1 0 0 0 1
Test207	0.398634474	5	0 0 0 0 1	0 0 1 1 0	1 1 1 0 1	1 1 1 0 0	1 1 1 1 1	1 1 0 0 1
Test208	0.325747501	5	1 0 1 1 0	1 1 0 1 1	0 0 1 0 0	0 0 1 0 1	1 1 0 0 0	1 0 1 0 0
Test209	0.665797027	5	1 0 1 1 1	0 1 1 1 1	1 1 0 1 0	1 1 1 1 1	0 1 1 0 0	1 0 0 0 1
Test210	0.427601946	5	0 0 1 0 0	0 0 0 0 0	0 0 0 0 1	0 0 1 1 0	0 1 1 1 0	0 1 1 0 1
Test211	0.650020903	5	0 0 0 0 1	0 1 1 0 0	1 1 1 1 1	1 1 0 1 1	1 0 0 1 0	1 1 0 1 1
Test212	0.46662502	5	0 0 0 0 1	0 0 1 1 1	0 1 0 0 0	0 1 0 1 0	0 1 1 1 0	0 1 0 1 0
Test213	0.2367384	5	1 1 0 1 1	0 0 1 1 0	0 0 0 0 0	1 1 1 1 1	1 0 0 1 0	1 0 0 0 0
Test214	0.684098184	5	0 0 1 1 1	1 1 0 1 1	0 1 0 0 0	0 1 0 1 0	0 1 1 1 0	1 0 0 0 0
Test215	0.659012859	5	0 0 0 1 1	0 0 1 0 1	0 0 0 1 0	1 1 1 0 1	1 1 0 1 0	0 0 0 1 1
Test216	0.31363586	5	0 1 0 1 0	1 0 0 0 0	1 0 0 1 0	0 0 1 0 0	1 1 0 1 1	1 0 1 1 1
Test217	0.829508882	5	1 1 0 1 0	1 0 1 1 1	0 1 0 0 0	1 1 0 1 1	1 0 1 0 1	0 1 0 1 1
Test218	0.845826053	5	1 0 1 1 0	0 1 1 0 0	0 0 1 1 1	0 1 0 0 1	1 0 0 1 0	0 0 1 1 0
Test219	0.70870626	5	0 0 0 1 1	1 1 0 1 1	0 0 0 0 1	1 1 1 0 1	1 0 0 1 0	1 0 1 1 0
Test220	0.67821807	5	1 1 0 0 0	1 1 1 1 1	1 1 0 1 0	0 0 0 1 1	1 0 1 1 1	0 1 0 0 1
Test221	0.717033795	5	0 1 0 0 1	0 0 0 0 0	1 0 1 1 0	0 0 1 0 0	1 0 0 1 1	0 1 0 0 0
Test222	0.789117001	5	1 1 0 0 1	0 0 1 0 1	1 0 0 0 1	0 1 1 1 0	1 0 0 0 0	1 0 0 1 1
Test223	0.322122781	5	0 0 0 1 1	0 0 0 1 1	0 1 1 0 0	0 0 1 1 1	1 0 0 0 0	1 1 0 1 1
Test224	0.373165991	5	0 1 1 0 1	1 1 0 0 0	1 0 1 1 1	0 0 0 0 0	1 1 1 1 1	1 1 1 0 1
Test225	0.732387953	5	1 0 1 1 0	1 0 1 1 0	0 1 1 1 0	0 1 0 1 1	0 0 0 1 1	0 0 1 1 0
Test226	0.688798756	5	0 0 1 1 0	0 0 0 0 0	1 0 1 0 1	0 1 0 0 1	1 0 1 1 1	0 1 1 0 1
Test227	0.533140415	5	0 1 0 1 1	1 1 0 1 1	0 1 0 1 0	0 1 0 1 1	1 0 1 1 1	0 0 1 1 0
Test228	0.196773199	5	1 0 0 1 1	1 0 1 0 1	0 0 1 0 1	0 1 0 0 1	0 0 0 0 0	0 1 0 1 0
Test229	0.771940837	5	1 0 0 1 0	0 1 1 1 0	0 0 0 0 0	1 0 1 0 1	0 0 1 1 0	0 1 1 1 1
Test230	0.971374737	5	1 0 0 1 0	1 1 1 1 1	1 1 1 0 1	1 1 1 0 1	0 0 1 1 0	0 1 0 1 1
Test231	0.914376475	5	0 0 1 0 0	1 0 0 1 1	1 1 1 1 0	1 1 1 1 1	0 0 0 1 0	1 0 1 0 0
Test232	0.866612696	5	1 1 0 0 1	1 1 0 0 0	1 1 1 0 0	0 1 0 0 1	0 1 1 0 0	1 1 0 0 0
Test233	0.100976161	5	1 1 0 1 0	0 1 1 0 0	1 0 0 1 0	0 1 0 0 0	0 1 0 0 1	0 0 1 0 1
Test234	0.952142972	5	1 1 1 1 0	0 1 0 0 0	0 0 1 1 0	1 0 1 0 1	0 0 1 1 1	0 0 0 1 0
Test235	0.305108884	5	0 1 1 1 0	0 1 0 1 1	0 0 0 1 0	1 1 0 1 0	0 0 0 0 1	1 1 1 0 0
Test236	0.240879343	5	0 1 1 0 0	0 1 0 0 0	1 1 1 1 1	1 1 1 0 1	0 1 1 0 1	0 1 0 1 1
Test237	0.813049519	5	1 1 0 1 1	1 0 1 1 1	1 0 0 1 0	0 1 1 1 0	1 0 1 1 0	0 0 1 1 0
Test238	0.163308968	5	0 1 0 1 0	0 1 1 0 1	1 0 1 0 0	1 1 0 1 0	0 1 1 0 0	0 0 1 0 1
Test239	0.693336507	5	1 1 1 0 1	1 1 0 1 0	0 0 0 1 0	0 0 0 1 0	0 0 0 0 0	0 0 1 1 1
Test240	0.14810766	5	1 1 1 1 0	0 0 1 0 0	0 1 0 0 0	1 0 0 1 1	1 1 0 0 1	1 1 0 0 0
Test241	0.060503042	5	1 0 0 1 0	1 1 0 0 1	0 0 0 1 0	1 1 0 1 1	1 0 0 0 0	0 0 0 1 0
Test242	0.069455924	5	0 0 0 1 1	1 1 0 1 0	0 0 0 0 1	1 1 1 0 0	0 0 1 1 1	0 0 0 1 1
Test243	0.522441822	5	1 1 0 1 0	1 1 1 1 0	1 1 0 1 0	0 0 0 1 0	0 0 1 0 1	1 1 0 0 1
Test244	0.126418596	5	0 1 1 1 0	0 0 0 0 0	1 1 1 0 0	0 1 1 0 0	0 0 0 1 0	1 1 1 0 0
Test245	0.746753608	5	0 0 0 1 1	1 1 1 1 0	0 1 0 1 1	0 1 1 0 0	1 1 0 1 1	0 0 0 0 1
Test246	0.456204653	5	1 0 0 1 0	1 0 1 1 0	0 0 0 1 1	1 1 1 1 0	0 0 1 1 1	1 1 1 1 0
Test247	0.157718147	5	1 1 1 0 0	0 0 0 0 1	0 1 0 1 0	0 0 0 1 0	0 0 0 0 0	1 0 1 0 1
Test248	0.265750562	5	1 0 0 1 0	1 1 0 1 1	1 0 0 0 0	0 0 0 1 1	0 0 0 0 1	1 1 0 1 1
Test249	0.984222589	5	0 1 0 0 1	1 1 1 1 1	0 1 0 0 1	0 0 1 1 0	0 1 0 0 1	1 0 0 0 0
Test250	0.468085055	5	1 1 0 0 1	0 1 0 1 0	0 1 1 1 0	1 1 1 0 1	0 1 1 1 0	0 1 1 1 0
Test251	0.196360082	5	1 1 0 0 0	0 1 0 0 1	1 1 0 1 1	1 1 1 1 1	0 1 0 0 1	1 1 1 0 0
Test252	0.676503837	5	1 0 1 1 0	1 1 0 0 0	0 1 0 1 0	1 0 1 0 1	1 1 0 0 1	0 1 0 0 0
Test253	0.401076512	5	1 0 0 0 1	0 0 0 0 0	0 1 0 0 0	1 0 0 1 1	1 1 0 0 1	1 0 0 1 1
Test254	0.773195457	5	0 1 0 1 1	0 0 1 1 0	1 1 1 1 1	1 0 1 1 1	0 1 1 1 1	0 1 0 1 0
Test255	0.512276518	5	0 0 1 0 0	1 1 1 1 1	1 0 1 1 1	0 1 1 0 1	0 0 1 1 1	0 0 1 1 0
Test256	0.226901189	5	1 1 0 0 0	0 1 1 0 1	0 1 1 1 1	1 0 0 1 0	1 1 1 0 0	1 0 1 0 0
Test257	0.407724561	5	1 1 0 0 1	1 0 1 0 0	1 0 0 1 0	1 0 1 1 1	1 1 0 0 0	1 0 0 0 0
Test258	0.524615278	5	1 1 0 1 1	0 0 0 0 0	0 0 1 1 1	0 0 1 0 1	1 1 1 1 0	0 0 1 1 1
Test259	0.692540888	5	1 0 0 0 0	1 0 0 1 0	0 1 0 0 1	0 1 0 1 0	0 0 0 1 0	0 0 0 1 1
Test260	0.443866325	5	0 0 1 1 1	0 0 1 0 1	0 0 1 0 0	1 1 0 1 1	1 0 0 1 1	0 1 1 1 0
Test261	0.411348892	5	1 1 0 0 0	1 0 1 0 1	1 1 1 1 1	0 1 1 0 0	1 1 0 1 1	0 0 1 0 1
Test262	0.423816646	5	1 0 0 1 1	1 0 1 1 0	1 1 1 1 1	1 0 1 0 1	1 0 1 1 0	1 1 0 0 1
Test263	0.717804141	5	0 1 0 0 1	1 1 1 1 1	1 0 0 1 1	0 1 1 1 0	1 0 1 1 1	1 1 1 0 0
Test264	0.514196272	5	0 1 0 1 1	1 1 1 0 0	1 1 0 1 0	0 1 0 1 0	0 0 0 1 0	0 0 1 0 1
Test265	0.451676615	5	1 0 1 1 1	1 0 1 1 0	1 1 0 1 1	0 1 1 1 1	0 0 1 1 1	1 0 0 1 0
Test266	0.939233102	5	1 1 0 1 0	1 0 0 0 0	1 1 1 1 0	0 1 0 1 0	1 0 1 0 1	0 1 0 1 1
Test267	0.114666928	5	0 1 0 0 0	1 0 1 0 0	0 1 0 1 0	0 0 1 1 0	1 1 0 0 0	0 1 0 0 0
Test268	0.813823182	5	1 0 0 0 0	0 0 0 1 0	0 0 1 1 1	1 1 1 0 1	1 1 0 0 1	1 0 0 0 1
Test269	0.009904315	5	1 1 1 0 0	1 0 1 0 1	0 0 1 0 1	1 1 0 0 0	0 1 1 1 0	1 1 0 1 0
Test270	0.176572923	5	0 1 1 1 1	1 1 1 0 0	0 1 1 0 1	0 1 1 1 0	1 1 0 0 1	0 1 0 0 1
Test271	0.098429102	5	0 0 1 0 0	0 0 1 0 1	1 1 0 1 1	1 0 0 1 0	0 0 0 1 1	0 1 0 1 1
Test272	0.604773891	5	1 0 1 1 1	1 1 0 1 0	1 1 1 0 1	0 0 1 0 1	0 1 1 0 0	1 1 0 0 1
Test273	0.413537885	5	0 0 1 0 0	0 0 0 1 1	0 1 0 1 1	1 1 1 0 0	0 1 1 0 1	1 1 1 0 1
Test274	0.488899248	5	0 0 0 1 0	0 1 0 0 1	1 0 1 1 1	0 1 0 1 0	1 1 1 0 1	0 1 0 1 1
Test275	0.078620504	5	1 0 1 1 1	1 0 0 0 1	0 1 1 1 0	1 1 0 1 1	1 0 1 1 0	0 0 1 0 1
Test276	0.683815689	5	0 1 0 0 0	1 1 0 0 0	0 1 1 1 1	0 1 1 0 0	0 1 1 1 0	1 1 1 0 1
Test277	0.623906236	5	0 1 0 1 0	1 1 1 0 0	1 0 1 0 1	0 1 1 0 1	1 0 0 1 1	1 1 1 0 1
Test278	0.813275974	5	0 0 1 0 0	0 1 0 1 1	1 1 0 0 0	0 1 0 0 1	1 0 1 0 0	0 1 0 1 0
Test279	0.044102007	5	1 1 1 1 0	1 0 0 0 0	1 1 1 0 0	1 1 0 1 0	0 0 1 1 1	0 1 1 1 1
Test280	0.120344347	5	0 1 1 0 1	1 0 0 1 0	0 1 1 0 1	0 1 0 1 0	1 1 1 1 1	0 0 1 1 1
Test281	0.360946511	5	0 0 1 0 1	0 0 1 1 0	0 1 0 1 1	1 1 0 0 0	1 0 0 0 1	0 0 0 0 1
Test282	0.379415675	5	1 0 1 0 0	1 1 0 0 1	0 1 0 0 0	1 1 1 1 1	0 0 1 1 0	1 1 1 0 0
Test283	0.904684475	5	0 0 0 0 1	0 0 1 1 0	1 0 1 0 0	0 0 1 1 0	1 0 1 0 0	0 0 0 0 1
Test284	0.2420028	5	0 1 0 1 0	1 1 0 0 1	0 0 0 1 1	1 1 1 0 0	1 1 0 0 0	1 0 1 0 0
Test285	0.174593246	5	0 1 1 0 1	0 1 1 0 0	0 1 0 0 1	1 0 1 0 0	1 1 1 1 0	0 0 0 1 0
Test286	0.220347215	5	1 1 1 0 0	1 0 0 1 0	0 1 1 0 1	0 1 1 0 0	0 1 1 1 1	0 0 0 0 0
Test287	0.278864321	5	1 0 1 1 0	1 1 0 0 0	1 1 1 1 0	1 0 1 0 1	1 0 1 1 0	1 0 0 1 1
Test288	0.840739319	5	1 1 1 0 1	1 0 0 0 0	0 0 0 0 1	0 1 0 0 1	0 1 1 0 0	0 1 0 0 1
Test289	0.83512596	5	0 1 1 1 1	0 1 1 1 1	1 0 0 1 1	0 1 0 1 1	1 0 0 1 1	0 1 0 1 1
Test290	0.322494481	5	1 0 1 0 0	1 0 1 1 1	1 0 1 0 1	1 0 0 1 1	1 1 1 0 0	1 1 0 0 1
Test291	0.511678993	5	1 1 1 1 0	1 1 1 1 1	1 0 0 0 0	0 1 1 0 0	0 1 0 0 0	1 0 1 0 1
Test292	0.430973023	5	1 1 0 1 1	0 0 0 0 1	1 1 1 1 0	1 0 0 0 1	0 1 0 0 0	1 1 1 0 1
Test293	0.414571822	5	0 0 1 1 0	0 1 1 0 1	0 1 1 0 0	1 1 1 1 1	0 0 1 1 1	1 1 1 1 1
Test294	0.950844154	5	1 1 1 0 1	1 1 1 1 1	0 0 0 0 1	0 0 0 0 1	1 0 1 0 0	1 0 1 1 0
Test295	0.906529603	5	1 0 0 0 0	0 1 0 0 1	1 1 0 0 0	1 1 0 0 0	0 1 0 0 0	1 0 0 0 1
Test296	0.112917513	5	1 0 1 0 0	1 0 1 0 1	1 1 1 0 1	0 1 0 1 1	0 1 1 1 1	1 1 0 0 0
Test297	0.081253831	5	1 1 0 0 0	0 1 1 0 1	0 0 1 1 1	0 0 1 0 1	0 0 1 1 0	1 0 0 0 1
Test298	0.539216061	5	1 1 1 0 1	0 0 0 1 0	1 1 0 1 0	1 0 0 1 0	0 1 1 1 0	1 1 0 0 1
Test299	0.501096827	5	1 0 0 0 1	0 0 1 0 1	1 0 1 1 0	1 0 1 0 0	1 0 0 1 0	0 0 1 0 0
Test300	0.132320149	5	0 1 0 1 0	1 0 0 0 0	0 0 1 1 0	1 0 1 0 1	0 0 1 0 0	0 1 1 0 1
Test301	0.693491566	5	1 0 1 1 0	0 1 0 0 1	1 1 1 1 1	1 0 1 1 0	1 0 0 1 0	0 0 1 0 0
Test302	0.170189403	5	0 0 0 1 0	0 1 1 1 0	0 0 0 1 0	1 1 1 1 0	0 0 0 0 1	1 0 0 0 1
Test303	0.164599441	5	0 0 0 1 1	0 0 1 0 1	0 1 0 1 0	0 1 1 0 0	1 1 0 0 0	1 1 0 0 0
Test304	0.479684449	5	0 0 0 0 0	1 1 0 0 0	1 0 1 0 0	1 1 0 0 0	1 0 0 1 1	0 0 1 1 1
Test305	0.973943555	5	0 0 1 0 0	1 1 1 0 1	1 0 0 1 1	1 1 0 0 0	1 1 1 1 1	0 1 1 0 1
Test306	0.879553377	5	1 0 1 0 0	1 1 0 1 1	0 0 0 0 1	1 1 0 1 1	1 1 1 0 0	0 1 0 0 1
Test307	0.060703146	5	0 0 0 1 0	1 1 1 0 0	0 1 0 0 1	1 0 1 1 1	1 1 1 0 0	1 1 1 0 0
Test308	0.747263379	5	0 1 0 0 1	0 0 1 1 1	1 1 0 1 0	1 1 1 1 1	1 1 1 1 1	1 0 1 0 0
Test309	0.681141969	5	1 1 0 1 1	1 0 1 1 1	1 1 1 0 0	1 1 0 1 1	1 1 1 1 1	1 0 1 0 0
Test310	0.927841704	5	0 0 0 0 0	1 1 1 0 0	1 1 1 1 0	0 0 1 0 0	1 0 1 1 0	1 0 0 0 0
Test311	0.003595346	5	0 0 0 0 0	1 0 0 0 1	0 1 1 0 0	0 1 0 0 0	0 1 0 1 1	1 1 1 1 0
Test312	0.769368351	5	0 1 1 0 1	1 1 1 0 0	1 1 1 0 1	0 0 0 1 0	1 0 1 1 0	1 1 0 0 0
Test313	0.652544276	5	1 0 1 1 0	0 0 0 1 1	0 0 1 1 0	0 1 1 0 0	0 0 1 1 0	1 1 0 0 1
Test314	0.094127388	5	1 1 1 0 0	0 1 1 0 1	1 0 0 1 0	1 1 1 1 1	1 1 0 1 1	0 0 1 1 1
Test315	0.008747518	5	0 0 1 0 0	0 1 1 1 0	1 1 0 0 1	1 0 1 0 1	0 0 0 0 1	0 0 1 1 1
Test316	0.667143411	5	0 1 1 0 1	0 0 0 0 1	0 1 0 0 1	0 0 1 1 1	0 1 1 0 1	0 1 1 1 1
Test317	0.944032212	5	1 0 0 1 0	1 1 1 1 1	0 1 1 0 0	1 1 1 0 1	0 0 0 1 0	1 1 1 1 0
Test318	0.189912081	5	1 1 1 1 0	0 1 0 1 0	0 1 0 1 0	1 1 0 1 0	0 1 1 0 1	0 1 0 0 1
Test319	0.174306887	5	0 0 1 0 1	1 1 1 0 1	1 1 1 1 0	0 0 0 1 1	0 1 1 0 0	0 1 0 0 1
Test320	0.898600898	5	1 1 0 1 1	0 1 1 0 0	0 0 0 1 1	1 1 0 0 1	0 1 0 1 1	0 0 1 1 0
Test321	0.683446265	5	0 1 1 0 1	1 1 1 0 0	1 1 1 1 1	0 0 0 0 0	1 1 1 1 0	1 0 0 0 0
Test322	0.791398191	5	0 0 1 0 1	1 0 1 0 1	1 1 0 0 0	1 1 1 1 0	1 0 0 0 0	0 0 1 1 0
Test323	0.568743974	5	1 0 0 0 1	1 0 0 0 0	1 1 1 1 0	0 1 1 0 0	1 0 1 1 1	0 0 1 0 0
Test324	0.395828219	5	0 1 1 1 0	1 1 1 0 1	0 0 1 1 1	1 0 0 1 0	0 0 0 1 1	0 0 1 0 1
Test325	0.418643003	5	0 1 1 1 1	0 1 0 0 0	0 1 1 0 1	1 0 0 0 0	0 0 1 1 1	1 1 1 0 1
Test326	0.153733804	5	0 1 0 1 0	0 1 1 0 0	0 0 1 0 1	1 1 0 1 1	0 0 0 0 1	1 1 0 0 1
Test327	0.809692258	5	1 1 1 1 1	1 0 0 1 0	1 1 0 1 0	0 0 0 0 1	0 0 1 0 0	1 0 0 1 0
Test328	0.926618438	5	0 1 0 1 0	0 1 0 0 1	0 0 0 1 0	0 1 1 0 1	1 1 0 1 1	1 0 1 1 1
Test329	0.850556026	5	0 1 1 0 1	0 1 0 0 1	0 0 0 1 1	1 0 0 1 0	0 1 0 0 1	1 1 1 0 0
Test330	0.34035865	5	0 0 1 1 0	1 1 1 0 1	1 0 0 1 1	1 0 1 1 0	1 0 1 0 0	0 1 0 1 0
Test331	0.16222238	5	1 1 1 0 0	1 1 0 0 1	0 0 0 1 1	1 1 1 1 0	0 0 0 0 1	1 1 0 0 1
Test332	0.193809236	5	0 1 0 0 0	0 0 0 1 1	0 0 1 1 1	1 1 1 1 0	0 0 0 1 1	1 0 0 0 1
Test333	0.240489147	5	1 1 0 0 1	0 1 0 0 1	1 0 1 1 1	1 1 0 0 1	0 0 1 0 0	1 1 0 1 0
Test334	0.454882455	5	0 0 1 0 1	1 0 0 1 1	0 0 1 0 1	0 1 0 0 0	1 0 0 1 1	0 1 0 0 0
Test335	0.938887596	5	1 0 1 0 1	0 1 1 1 1	0 1 1 0 0	0 1 0 0 0	0 0 0 0 1	1 1 1 1 1
Test336	0.325529115	5	1 1 1 0 1	0 0 0 1 0	0 0 0 1 0	1 1 1 1 0	1 1 1 1 0	1 1 1 0 1
Test337	0.888438757	5	1 1 1 1 1	0 1 1 1 1	1 0 0 1 1	0 1 0 0 1	1 0 1 0 0	1 1 1 1 0
Test338	0.858440693	5	1 0 0 0 1	0 0 1 1 1	1 0 0 1 0	0 0 0 1 1	1 1 1 0 0	1 1 0 1 1
Test339	0.653253804	5	1 1 1 1 1	1 1 0 0 0	0 0 0 0 1	0 1 0 1 0	0 1 1 1 1	0 0 0 1 1
Test340	0.792366221	5	1 1 1 1 1	1 0 1 1 1	0 1 1 1 0	0 1 1 1 1	1 1 1 1 1	1 0 1 1 0
Test341	0.974474848	5	0 1 0 0 1	0 1 0 0 1	0 0 0 1 0	0 0 0 1 0	0 1 1 0 1	0 1 1 0 1
Test342	0.93100591	5	0 1 0 0 0	0 1 0 1 1	0 1 1 1 0	0 0 0 0 0	1 0 1 0 1	1 1 0 0 0
Test343	0.403385105	5	1 0 1 1 0	0 0 0 0 0	0 1 0 0 0	1 1 0 1 0	0 1 0 0 0	0 1 1 0 0
Test344	0.302651926	5	1 0 1 0 1	1 1 1 1 1	0 0 1 1 1	1 1 0 1 0	0 1 1 0 0	1 1 0 1 1
Test345	0.652617271	5	0 1 1 0 0	0 1 0 1 0	0 0 0 0 0	0 1 0 0 1	0 1 0 1 1	0 0 1 0 0
Test346	0.160581272	5	0 0 1 1 1	0 0 1 0 0	1 0 0 0 0	1 0 0 0 0	1 0 1 1 1	1 0 1 0 0
Test347	0.271011137	5	0 1 1 1 1	1 0 1 1 0	0 0 0 0 1	1 1 0 0 0	0 0 0 0 1	0 0 0 0 1
Test348	0.011606506	5	0 1 0 0 1	1 0 0 1 0	0 1 0 1 1	0 0 0 1 0	0 0 1 1 1	1 0 1 0 1
Test349	0.096927467	5	0 1 0 1 0	1 1 1 1 0	1 0 1 1 0	1 0 1 1 0	1 1 0 0 0	0 1 1 0 0
Test350	0.371046752	5	1 0 0 1 1	0 0 1 0 1	0 0 0 0 1	0 1 1 1 1	1 1 0 1 1	0 0 0 1 1
Test351	0.069046922	5	1 1 0 0 0	1 0 0 0 1	1 1 0 1 0	0 1 0 1 0	1 0 1 1 0	0 1 1 1 1
Test352	0.354786563	5	1 0 1 1 1	1 0 1 1 1	1 1 0 0 0	1 1 0 0 0	0 0 1 0 0	0 0 1 0 0
Test353	0.058312355	5	0 1 0 0 0	0 1 1 0 1	1 0 0 0 1	1 0 1 1 0	0 1 1 0 0	0 1 1 1 0
Test354	0.912523673	5	0 1 1 0 1	1 1 1 1 0	0 1 1 0 0	0 0 0 0 1	0 1 1 0 1	1 0 0 1 1
Test355	0.534754409	5	0 0 0 1 0	1 0 0 0 1	1 1 0 0 0	1 1 0 1 0	1 1 0 0 0	0 1 0 0 1
Test356	0.222407753	5	1 0 0 1 1	0 1 0 0 1	1 1 0 0 1	1 0 1 1 0	0 1 0 1 0	1 1 1 1 1
Test357	0.612016909	5	0 1 1 0 0	0 0 0 1 1	1 1 1 1 1	0 0 0 1 0	1 0 1 1 0	0 0 1 0 0
Test358	0.649173274	5	1 1 0 1 0	1 0 1 0 0	1 0 1 1 1	0 1 1 0 1	0 0 1 1 1	1 0 0 1 1
Test359	0.768544596	5	1 0 0 1 1	1 0 0 1 1	0 1 1 1 1	1 1 0 1 1	0 1 0 0 0	1 1 1 0 0
Test360	0.6895557	5	1 1 0 1 0	1 0 0 0 0	0 1 1 0 1	1 1 1 0 0	0 0 0 0 0	1 1 0 1 1
Test361	0.280531256	5	0 0 1 1 0	0 1 1 1 0	1 0 1 0 1	1 0 1 0 1	0 0 0 0 1	0 1 0 0 1
Test362	0.289555672	5	1 1 0 1 0	1 1 0 0 1	0 0 0 1 1	0 0 0 0 1	1 1 1 1 1	1 1 1 1 0
Test363	0.939169134	5	1 1 0 1 0	0 1 1 1 0	1 0 0 1 0	1 1 0 1 0	1 0 1 0 0	0 1 0 0 0
Test364	0.059261008	5	0 0 1 1 0	0 1 1 1 0	1 1 0 1 1	1 0 1 1 0	1 1 0 0 1	1 1 1 0 0
Test365	0.562260679	5	1 1 1 1 1	0 0 1 1 0	1 1 0 0 0	1 0 1 0 1	1 1 1 0 0	0 1 0 0 0
Test366	0.075632302	5	1 1 1 0 0	0 1 1 0 1	1 0 0 1 0	0 0 1 0 0	0 0 0 0 1	0 0 1 1 0
Test367	0.851210949	5	1 0 1 1 1	0 0 1 1 1	1 1 1 1 0	1 1 1 1 1	1 0 1 1 1	0 0 1 1 0
Test368	0.769924677	5	1 1 0 1 0	0 0 0 1 1	1 0 1 1 1	1 0 0 0 1	0 0 0 1 0	1 1 1 0 1
Test369	0.753948845	5	1 0 0 0 0	0 0 0 1 0	1 1 0 0 0	0 0 0 1 0	0 1 0 0 0	0 0 0 0 0
Test370	0.115600129	5	0 0 0 0 0	1 0 1 0 0	0 1 1 1 0	1 1 1 1 0	1 0 0 1 1	1 0 1 1 1
Test371	0.069968413	5	0 1 0 1 0	0 0 0 1 1	0 0 0 0 1	1 0 1 1 1	1 1 1 1 0	0 0 0 0 1
Test372	0.149864573	5	1 0 0 0 1	0 0 1 0 0	1 1 1 1 1	1 0 0 1 0	1 0 1 1 0	0 1 1 1 0
Test373	0.547039281	5	1 1 0 0 1	0 0 1 1 1	0 1 0 1 0	0 0 0 1 1	0 0 0 1 1	1 0 1 0 0
Test374	0.343755364	5	1 1 1 1 1	0 1 1 1 0	1 1 0 0 0	0 1 1 1 1	0 1 0 1 1	0 1 1 0 1
Test375	0.582438126	5	1 0 0 1 1	0 1 0 0 0	0 0 1 1 0	0 0 0 1 1	0 1 0 1 1	1 0 1 0 1
Test376	0.606759656	5	0 1 1 0 1	1 1 1 1 0	1 1 0 0 1	0 0 0 0 0	0 0 1 1 0	0 1 1 0 0
Test377	0.496497701	5	0 1 0 1 1	1 1 0 0 0	0 0 1 1 0	0 0 0 0 1	1 1 1 0 0	0 1 0 0 0
Test378	0.759090051	5	0 0 1 0 1	1 1 0 0 0	1 0 1 0 0	1 1 0 0 0	0 0 0 0 0	1 0 0 0 1
Test379	0.6276277	5	0 0 1 0 0	1 1 1 1 1	0 0 1 1 1	0 0 1 1 0	0 0 0 0 1	1 1 0 1 1
Test380	0.683819979	5	1 0 1 0 0	0 0 0 1 0	1 1 1 0 0	1 0 0 1 1	0 1 0 0 1	1 0 0 0 0
Test381	0.344952286	5	1 1 1 1 1	0 1 1 1 0	0 0 0 0 0	0 1 1 1 0	1 1 0 1 1	0 0 1 0 0
Test382	0.568699605	5	1 1 0 0 0	1 1 1 0 0	1 1 1 1 1	1 1 0 0 0	1 1 0 1 0	1 1 0 0 1
Test383	0.26443856	5	1 1 1 1 0	0 0 1 1 0	1 0 0 0 1	0 0 1 0 1	1 1 0 0 1	1 0 1 0 1
Test384	0.943053883	5	1 1 0 1 1	0 0 0 0 1	0 0 0 1 1	0 1 0 0 1	0 1 0 0 0	1 1 0 0 0
Test385	0.595526238	5	0 0 0 1 1	0 1 0 1 1	0 1 1 0 0	0 1 0 1 0	1 0 1 0 0	1 1 0 1 0
Test386	0.41181237	5	1 1 1 0 0	0 0 1 0 0	1 1 1 0 1	0 1 1 0 0	0 1 0 1 1	0 0 0 1 0
Test387	0.564423675	5	1 1 1 0 0	0 0 1 0 1	1 1 1 0 0	1 1 1 1 0	1 0 0 1 1	0 1 0 0 0
Test388	0.396310175	5	1 0 0 1 0	0 0 0 0 0	1 1 0 0 1	0 1 1 1 0	1 1 0 1 1	1 1 1 1 0
Test389	0.016042453	5	1 1 0 1 1	0 1 0 1 0	0 1 0 1 1	1 1 1 1 0	1 1 0 1 0	1 1 1 1 0
Test390	0.979768614	5	1 1 0 1 0	0 0 0 1 1	0 1 0 0 1	0 1 1 0 1	1 0 1 1 1	0 1 0 1 0
Test391	0.555609277	5	0 1 0 0 0	0 0 1 0 1	0 1 1 0 1	1 1 1 0 0	0 0 0 1 1	1 1 1 1 1
Test392	0.440210245	5	0 1 1 0 0	0 1 0 1 0	1 1 0 0 1	1 0 0 1 0	0 1 0 0 1	0 0 1 0 0
Test393	0.786977172	5	1 1 0 0 0	0 0 1 0 1	0 0 0 1 1	0 0 1 0 0	1 1 0 0 1	0 0 0 1 1
Test394	0.967726587	5	1 0 0 1 0	1 0 1 1 1	0 0 1 0 0	0 0 1 1 1	0 0 0 1 1	0 0 1 0 1
Test395	0.887661342	5	1 0 1 1 1	0 0 0 0 0	1 1 1 1 1	1 0 1 0 1	1 0 0 0 0	0 1 1 0 1
Test396	0.024389168	5	0 0 0 1 1	1 1 0 0 1	1 0 0 1 0	1 0 0 1 0	0 0 0 1 1	1 1 0 0 1
Test397	0.84681347	5	1 1 1 0 1	1 0 0 1 1	1 1 0 1 1	1 0 0 1 1	1 0 0 0 0	1 0 1 1 0
Test398	0.094781751	5	0 1 1 0 1	1 0 1 0 0	1 1 0 0 0	0 1 0 1 1	1 0 1 0 1	1 1 1 1 1
Test399	0.939682531	5	1 0 1 1 1	0 0 1 1 1	1 1 1 1 1	1 1 1 0 0	1 0 0 0 0	0 0 0 1 1
Test400	0.482190651	5	1 0 1 0 1	1 1 1 1 1	0 0 1 0 0	0 0 0 0 1	1 0 1 1 1	1 1 0 0 0
Test401	0.898789531	5	1 1 1 0 1	1 1 1 0 1	0 0 1 0 1	1 1 1 0 0	1 0 0 0 0	0 1 0 0 1
Test402	0.111352102	5	0 1 0 1 1	1 1 0 1 1	0 0 0 0 0	0 0 0 1 0	0 0 1 0 0	1 0 1 1 0
Test403	0.379576663	5	0 1 1 1 0	1 0 0 0 0	1 0 1 1 1	1 1 1 1 0	1 1 0 1 1	0 1 1 0 0
Test404	0.798271087	5	0 1 1 1 0	0 1 0 1 1	1 0 1 0 0	0 1 0 1 1	0 0 1 0 1	1 1 1 1 1
Test405	0.7946007	5	0 0 1 0 0	0 1 0 0 1	1 1 0 1 0	0 1 0 0 1	0 0 1 0 0	1 1 0 1 0
Test406	0.439443742	5	1 0 0 1 1	1 1 1 0 0	0 0 1 1 0	0 1 1 0 0	0 0 0 1 0	0 0 1 1 1
Test407	0.56265639	5	0 1 1 0 0	1 1 0 0 1	1 0 1 0 1	0 0 1 0 0	1 1 1 0 0	1 1 0 0 0
Test408	0.168941976	5	1 0 0 1 0	0 1 1 1 0	0 0 0 1 1	0 1 0 0 1	1 0 0 1 1	0 0 1 0 1
Test409	0.71182136	5	1 1 1 0 1	0 0 1 1 0	0 0 0 0 1	1 1 1 0 1	1 1 1 1 0	1 1 0 0 1
Test410	0.301289744	5	1 1 1 1 1	1 1 0 0 1	1 0 1 1 0	0 0 1 0 0	0 0 1 1 0	1 0 0 1 0
Test411	0.189763908	5	0 1 0 0 0	1 0 0 0 1	0 1 1 1 0	0 1 0 1 0	1 0 1 1 1	0 1 0 1 0
Test412	0.489180992	5	0 1 1 1 1	1 1 0 0 0	1 0 1 0 1	0 1 1 0 1	1 1 0 1 0	1 0 1 0 1
Test413	0.428280461	5	0 0 1 0 1	0 0 1 0 1	0 0 1 1 1	0 0 0 1 0	1 0 0 0 0	1 0 1 0 1
Test414	0.688740487	5	1 1 1 0 1	0 1 0 1 1	1 1 1 1 1	1 1 0 0 1	0 1 0 0 1	1 1 0 0 1
Test415	0.84754749	5	0 1 0 1 1	0 0 0 1 0	0 0 1 0 1	1 0 1 1 1	1 0 1 1 0	0 1 1 0 1
Test416	0.123441411	5	0 0 1 0 1	0 0 1 0 1	1 0 0 1 0	0 0 1 1 1	0 1 0 0 1	1 1 1 0 0
Test417	0.370308412	5	0 1 0 1 0	1 1 0 1 0	0 1 1 0 0	0 1 1 1 0	0 0 1 1 1	1 0 1 0 1
Test418	0.846463029	5	1 1 0 0 1	1 0 1 1 0	1 1 1 0 1	1 0 1 1 0	1 1 0 1 1	1 1 1 1 1
Test419	0.840017551	5	0 0 0 1 1	1 0 1 1 0	0 0 1 0 0	0 1 1 0 0	0 1 0 0 0	1 0 1 0 1
Test420	0.866317702	5	0 1 0 1 1	0 1 1 0 1	1 0 0 0 1	1 1 1 0 0	0 1 0 1 0	0 0 0 0 1
Test421	0.679205534	5	0 0 0 0 0	1 1 0 1 0	1 1 1 0 0	1 0 0 1 1	0 0 0 1 0	1 0 1 1 1
Test422	0.965784611	5	0 0 1 1 0	1 0 0 0 0	1 1 0 1 1	1 1 1 0 1	1 1 1 1 1	0 1 1 1 1
Test423	0.448971354	5	1 0 1 1 0	0 0 1 1 0	1 1 0 0 0	0 1 0 0 0	1 0 1 1 1	1 0 1 1 1
Test424	0.473328611	5	1 0 1 0 0	0 1 1 1 0	0 1 0 0 0	0 1 0 0 1	0 0 1 1 0	1 1 1 0 1
Test425	0.455580107	5	0 1 1 0 1	0 0 0 1 0	0 1 1 1 1	1 1 1 1 1	1 1 0 0 0	0 0 1 1 1
Test426	0.663844759	5	0 1 1 0 1	0 1 0 0 1	0 0 1 1 0	1 0 0 0 1	0 1 1 0 1	1 1 1 1 0
Test427	0.303826207	5	0 0 1 1 0	1 1 0 0 1	1 0 0 0 1	1 0 1 0 1	0 1 1 0 0	1 0 1 1 1
Test428	0.101651505	5	1 0 0 1 0	1 1 0 1 1	1 1 1 0 0	0 0 1 0 1	1 0 1 1 0	0 0 1 1 0
Test429	0.961335242	5	0 1 1 0 1	0 1 0 0 0	1 0 0 1 0	0 1 1 1 1	1 0 1 0 0	0 1 1 0 0
Test430	0.799426968	5	1 0 0 1 0	1 0 0 1 0	0 1 1 1 0	1 1 0 0 0	0 1 0 0 1	1 1 1 1 1
Test431	0.473449599	5	0 0 1 0 1	0 1 0 0 1	1 1 1 0 0	1 0 0 1 0	0 0 0 0 1	0 0 0 1 1
Test432	0.528954198	5	1 1 0 1 0	1 0 1 1 1	0 1 1 1 1	0 0 1 1 0	1 1 0 0 0	1 1 1 0 0
Test433	0.857421612	5	1 1 1 1 0	1 1 1 0 0	1 1 0 0 1	0 1 0 1 1	1 0 1 1 0	0 0 1 1 0
Test434	0.957576478	5	0 0 0 0 0	0 1 0 0 0	1 0 1 1 0	0 0 0 1 0	1 1 0 1 1	0 0 1 1 1
Test435	0.123779951	5	0 1 1 1 0	0 1 1 0 0	1 1 1 0 1	0 0 0 1 0	0 1 1 1 0	1 0 0 1 1
Test436	0.808220896	5	1 1 0 1 1	0 0 1 1 1	1 0 0 0 0	1 0 0 1 0	0 0 0 1 1	1 1 1 0 1
Test437	0.072085441	5	0 0 0 1 1	1 1 0 1 1	1 1 0 0 1	1 1 1 0 0	1 1 1 0 1	0 0 0 0 0
Test438	0.039887593	5	0 0 0 0 1	1 1 1 1 0	0 0 1 1 0	0 1 1 0 1	0 1 1 0 1	1 1 0 0 1
Test439	0.191654938	5	1 1 0 1 1	0 0 1 1 1	1 1 0 0 0	0 1 1 1 1	0 0 1 1 1	0 1 1 0 0
Test440	0.711293594	5	0 0 1 1 0	1 1 0 1 0	1 0 0 1 0	1 1 1 1 1	1 1 0 1 0	0 1 0 1 1
Test441	0.340675998	5	0 1 1 1 1	1 0 1 1 0	1 0 0 0 0	0 0 0 0 0	0 0 0 1 0	0 1 0 1 1
Test442	0.445739953	5	0 0 1 1 0	0 1 0 0 1	0 0 0 1 1	0 1 0 1 1	0 0 0 1 1	0 0 1 0 0
Test443	0.453124018	5	0 1 1 0 0	0 1 1 1 1	1 1 1 1 0	1 0 1 0 0	0 0 1 1 1	0 1 1 1 0
Test444	0.699805396	5	0 0 1 1 1	1 0 1 0 0	0 1 0 0 0	1 1 0 0 0	1 0 1 1 1	1 0 1 0 0
Test445	0.081470611	5	0 0 0 0 1	1 0 1 1 1	1 1 1 1 1	1 0 0 1 1	0 0 1 1 0	1 1 1 0 0
Test446	0.404405648	5	1 0 1 0 0	0 1 1 1 1	1 0 0 0 0	1 1 1 0 0	1 1 1 0 1	0 1 0 1 0
Test447	0.351661667	5	1 1 1 1 1	0 0 1 0 0	0 1 0 1 0	0 0 1 0 0	0 1 1 1 0	1 1 0 1 1
Test448	0.044923859	5	0 1 0 1 1	0 1 0 1 1	1 1 0 0 0	1 0 1 1 0	0 0 0 0 1	0 1 1 1 1
Test449	0.226962662	5	0 0 0 1 1	0 1 0 0 0	1 0 1 1 1	0 0 1 0 1	1 0 0 1 1	0 1 0 1 0
Test450	0.261145337	5	1 1 0 0 1	0 1 1 0 1	1 0 0 0 1	0 1 1 0 1	0 1 1 1 0	0 0 1 1 0
Test451	0.906625162	5	0 0 0 0 0	1 0 0 1 1	0 1 0 0 0	0 1 1 0 1	1 1 0 1 0	0 1 1 0 0
Test452	0.056540017	5	0 1 0 0 0	0 1 0 1 0	0 0 1 1 0	1 0 1 1 1	0 1 0 0 1	1 1 0 1 0
Test453	0.320377505	5	1 0 1 0 0	0 1 1 0 1	1 1 1 1 1	0 0 0 0 0	1 0 0 0 1	1 0 1 1 1
Test454	0.389119379	5	1 0 0 1 1	1 1 1 0 0	0 0 0 1 1	0 0 0 0 1	0 0 0 1 0	0 1 1 1 1
Test455	0.589859139	5	0 1 1 0 1	0 1 0 0 1	0 1 1 1 1	0 0 1 1 0	0 1 0 1 0	0 0 1 1 1
Test456	0.096828745	5	1 0 1 1 0	1 1 0 1 0	1 0 1 0 0	0 1 1 0 0	0 0 1 0 1	1 0 0 0 1
Test457	0.109538767	5	0 0 0 1 0	0 0 1 0 0	0 0 0 0 0	0 1 1 0 1	0 1 1 1 1	0 0 1 0 0
Test458	0.731474868	5	0 0 0 0 1	1 0 0 0 0	1 0 1 1 1	0 0 0 0 0	0 1 1 1 1	0 1 0 0 1
Test459	0.687633119	5	0 0 1 0 1	0 1 0 1 1	0 0 0 1 1	1 1 0 0 0	0 1 0 0 1	1 1 1 0 0
Test460	0.588380524	5	1 0 1 1 0	1 0 1 0 1	0 0 1 0 0	1 1 1 1 0	0 1 1 0 0	1 0 1 0 1
Test461	0.671990319	5	0 0 0 0 0	1 1 1 0 0	1 1 1 1 1	0 0 1 1 0	0 0 1 0 0	0 0 0 0 1
Test462	0.141898032	5	1 0 0 1 0	0 0 0 0 1	0 1 0 0 1	0 1 0 1 1	0 0 1 1 0	1 0 1 1 1
Test463	0.01036423	5	1 0 0 1 1	0 0 0 1 0	0 0 1 0 1	1 1 1 1 1	0 1 0 1 1	0 0 0 0 0
Test464	0.464979519	5	1 0 1 0 0	1 1 1 1 1	1 1 0 1 0	1 1 0 1 1	1 1 1 0 1	1 0 1 1 1
Test465	0.521899124	5	1 1 0 0 0	1 1 0 0 1	0 0 1 1 1	1 0 1 1 1	0 0 0 1 1	1 0 0 1 0
Test466	0.712664828	5	1 0 0 0 0	1 1 0 0 0	0 0 1 0 0	0 0 0 1 1	0 0 0 0 0	0 1 1 1 1
Test467	0.113753814	5	0 0 0 1 0	0 1 0 1 0	1 0 1 1 1	0 0 0 0 1	0 0 0 1 1	1 1 1 0 1
Test468	0.194255875	5	0 0 1 1 0	0 1 0 1 0	0 1 1 1 1	1 1 0 0 0	0 0 0 1 0	1 1 0 0 1
Test469	0.235603155	5	1 1 1 1 1	0 1 1 1 1	1 1 0 1 1	1 0 1 0 1	1 0 1 1 0	0 1 0 0 0
Test470	0.828822534	5	1 1 1 1 0	0 0 0 0 1	0 1 1 1 0	1 1 0 0 1	1 0 1 1 1	1 1 1 1 1
Test471	0.662303111	5	0 0 1 0 1	1 1 0 1 1	0 0 1 0 1	1 1 0 0 1	1 0 1 1 1	1 0 1 0 1
Test472	0.065230097	5	1 0 1 0 0	1 0 0 1 1	1 0 1 0 0	0 1 1 1 0	0 1 1 0 0	1 0 0 0 1
Test473	0.334131614	5	1 1 1 1 0	1 0 1 1 1	1 1 1 1 0	1 1 1 0 1	0 1 1 0 1	0 0 1 1 1
Test474	0.689614026	5	1 0 0 0 0	1 0 0 0 1	0 0 1 0 0	0 1 0 0 1	1 0 1 0 0	1 1 0 0 0
Test475	0.515199764	5	0 0 0 1 0	1 0 1 1 0	0 1 1 1 1	1 1 1 0 1	1 0 0 1 0	1 0 1 0 0
Test476	0.911252035	5	1 1 1 0 1	0 0 0 1 0	1 0 0 1 0	0 0 1 1 1	0 0 0 1 1	0 1 0 0 1
Test477	0.852178118	5	1 0 1 0 0	0 1 0 1 0	1 0 1 1 1	0 1 1 0 1	0 0 0 1 0	0 0 1 1 0
Test478	0.402902714	5	1 0 1 0 0	1 1 1 1 0	1 0 0 0 0	1 1 1 1 0	1 1 1 1 1	1 1 0 1 1
Test479	0.83465767	5	0 1 0 0 0	1 0 1 0 0	1 0 1 1 0	1 0 0 1 1	0 0 0 1 0	1 1 0 1 1
Test480	0.63054168	5	0 0 0 0 1	0 0 1 1 0	1 0 0 0 0	0 1 1 1 1	0 1 0 0 1	1 0 0 0 1
Test481	0.649119254	5	1 1 0 0 0	1 1 1 0 0	1 1 0 1 1	0 1 0 1 1	0 1 0 0 0	1 1 1 0 0
Test482	0.559991192	5	0 1 0 0 0	0 1 1 1 1	0 1 0 0 0	1 1 1 0 0	1 0 0 1 0	0 0 0 0 1
Test483	0.202370083	5	0 1 0 1 1	1 0 0 1 0	1 1 1 0 0	1 1 1 1 0	0 1 0 0 0	1 0 0 1 1
Test484	0.008017772	5	0 1 0 1 1	1 0 1 1 0	0 0 1 0 1	0 0 0 1 1	0 1 0 0 0	1 0 0 1 1
Test485	0.619650172	5	1 0 0 1 0	0 0 1 0 1	1 1 1 0 0	1 1 1 0 0	1 0 0 0 0	0 0 1 1 1
Test486	0.841854412	5	0 0 1 1 0	0 0 0 0 0	1 0 1 0 1	0 0 1 1 0	1 1 0 1 0	0 1 1 1 1
Test487	0.220979799	5	0 1 1 0 0	0 1 1 1 1	1 1 0 1 0	0 1 1 1 0	1 1 0 0 1	0 1 1 1 0
Test488	0.005104417	5	0 0 1 1 1	0 1 0 1 1	1 1 1 1 1	0 0 1 0 1	0 0 1 1 1	1 0 0 0 1
Test489	0.541022989	5	0 1 0 0 0	0 0 0 1 0	1 0 1 1 1	0 1 1 0 1	0 1 1 0 0	1 1 1 0 0
Test490	0.817695783	5	0 0 1 0 0	0 1 1 0 1	1 1 1 0 0	0 0 1 0 1	0 1 1 0 0	1 1 1 0 0
Test491	0.393767796	5	0 1 0 0 1	0 0 0 0 1	0 1 1 1 0	0 1 1 1 0	1 1 1 1 0	1 0 1 1 0
Test492	0.945105278	5	0 1 1 0 0	1 0 1 1 1	0 1 1 0 0	0 1 0 1 0	1 1 1 0 0	0 0 0 0 1
Test493	0.052488963	5	0 1 0 0 1	0 1 1 1 0	0 0 1 1 0	1 1 1 0 0	0 1 0 1 0	1 0 1 1 1
Test494	0.239100204	5	1 1 0 0 1	0 1 1 1 1	1 0 1 0 1	0 0 1 0 0	1 1 0 1 1	1 1 1 0 0
Test495	0.416529645	5	1 0 0 0 1	1 0 1 0 0	1 1 1 1 0	1 0 1 1 1	1 0 1 0 1	1 1 0 0 1
Test496	0.094849528	5	1 1 1 0 1	0 0 0 1 1	1 0 0 0 1	0 1 0 0 1	0 0 0 1 1	0 0 1 0 1
Test497	0.812093618	5	1 1 1 0 1	0 1 1 0 0	1 0 0 1 1	0 0 0 0 0	1 1 0 1 0	1 1 0 0 0
Test498	0.603815276	5	1 0 0 1 1	1 1 0 0 0	1 0 0 1 0	0 0 1 1 1	1 0 0 1 1	0 1 1 0 1
Test499	0.936881111	5	0 0 0 0 0	0 1 0 0 1	1 0 0 0 1	1 0 1 0 0	0 0 1 0 1	0 1 0 0 1
Test500	0.573004095	5	0 0 0 1 0	0 1 0 1 1	0 0 1 1 0	0 0 0 0 1	1 1 0 0 0	1 0 1 1 0
Test501	0.467555611	5	1 1 0 0 0	0 0 0 1 0	1 0 0 1 1	0 0 0 0 1	1 1 0 0 1	1 0 0 0 1
Test502	0.301065222	5	0 1 0 1 0	1 1 0 1 0	1 0 0 0 0	1 1 1 1 0	1 1 1 1 1	0 0 0 0 1
Test503	0.713957805	5	0 1 0 1 1	1 1 0 0 1	1 1 1 0 1	0 1 0 0 0	1 1 1 0 1	1 1 0 1 0
Test504	0.258298501	5	0 1 0 0 1	0 0 1 1 1	0 0 1 0 1	1 1 0 0 1	0 0 0 1 0	1 0 0 0 0
Test505	0.134580484	5	0 0 1 1 0	0 0 1 1 0	1 0 1 0 1	0 0 1 1 1	1 0 0 1 0	0 0 0 0 0
Test506	0.44475065	5	0 0 1 1 1	1 1 0 1 1	1 0 0 0 0	1 0 1 0 1	1 1 0 0 0	0 0 0 0 1
Test507	0.649212938	5	0 1 1 1 0	1 0 1 1 0	0 1 0 1 0	1 0 0 1 1	1 0 1 1 0	1 0 1 1 1
Test508	0.404806328	5	0 1 0 0 1	0 0 0 0 1	1 1 0 0 0	0 1 1 0 1	1 0 1 0 0	0 1 0 0 1
Test509	0.176073968	5	0 1 1 0 0	0 1 0 0 1	1 1 0 0 0	1 0 0 1 0	1 1 1 0 0	1 0 0 1 1
Test510	0.438327559	5	1 0 0 1 1	1 1 0 1 1	1 1 1 0 0	1 0 0 1 1	0 1 1 0 0	0 1 0 1 1
Test511	0.27602594	5	0 1 1 0 0	0 0 1 1 0	0 1 0 1 1	0 0 0 1 1	0 1 0 1 1	0 1 0 0 1
Test512	0.372567313	5	0 1 1 0 1	0 1 1 0 1	0 1 1 0 0	0 1 1 0 0	0 0 1 1 0	0 0 1 1 0
Test513	0.175571232	5	0 1 1 1 1	0 1 1 1 1	1 1 0 1 0	1 1 0 1 1	1 0 1 1 0	1 0 1 1 1
Test514	0.669862382	5	1 0 0 1 0	1 1 1 1 0	1 1 0 0 0	0 1 1 0 0	1 1 0 1 0	0 0 0 1 0
Test515	0.757474792	5	1 0 1 1 1	0 0 0 1 1	1 1 1 0 1	1 0 1 0 1	0 0 1 1 1	1 1 0 1 1
Test516	0.358439189	5	1 1 1 0 0	1 1 1 0 1	0 1 0 1 0	1 1 1 1 1	0 0 0 1 0	1 0 1 1 0
Test517	0.289161782	5	1 1 0 0 1	1 1 0 1 0	0 0 1 1 0	1 1 1 1 0	0 0 0 0 0	1 1 0 1 1
Test518	0.061840737	5	0 1 0 0 1	0 0 0 0 0	1 0 1 1 1	0 0 0 1 1	0 1 1 1 1	1 0 0 1 0
Test519	0.657330124	5	1 1 0 1 0	1 1 0 1 1	0 0 0 1 0	0 1 1 1 0	0 0 1 0 0	0 1 0 0 1
Test520	0.930529107	5	1 0 0 0 0	0 0 1 1 1	0 0 0 0 0	1 0 0 1 0	0 1 0 0 0	0 1 1 0 1
Test521	0.070139748	5	1 0 1 1 0	1 0 1 1 1	1 1 1 0 1	1 0 1 0 1	1 0 1 0 0	1 1 1 0 1
Test522	0.732897496	5	1 1 1 0 0	0 1 1 1 0	0 1 0 0 1	0 0 0 0 0	1 0 0 1 1	0 1 0 0 0
Test523	0.320107868	5	0 0 0 0 1	1 1 0 1 0	1 1 1 0 1	0 0 0 0 0	0 0 1 1 0	0 0 0 0 0
Test524	0.817033187	5	1 0 0 0 0	1 0 1 0 1	0 0 1 1 1	1 1 0 0 0	0 1 1 1 1	1 0 1 0 1
Test525	0.744647257	5	1 1 0 0 1	0 0 1 0 0	1 0 1 1 1	0 1 0 0 1	1 0 0 0 0	1 0 0 1 1
Test526	0.563308608	5	0 1 0 1 0	1 1 1 0 0	1 0 1 0 1	1 0 0 0 1	0 1 1 1 1	1 1 1 0 1
Test527	0.556121035	5	1 0 1 1 1	0 1 0 0 1	0 1 0 0 1	0 1 0 1 0	1 0 1 0 1	0 1 0 0 0
Test528	0.929973941	5	1 1 1 1 1	1 1 0 0 1	0 0 0 1 1	1 1 0 1 0	0 0 1 1 0	1 1 0 0 1
Test529	0.355694899	5	1 0 1 1 1	0 0 1 1 0	0 1 1 1 0	1 0 1 0 0	0 1 1 1 0	0 0 1 0 1
Test530	0.909640662	5	0 1 0 1 1	1 0 1 0 0	0 0 1 0 1	1 1 1 0 0	0 0 1 0 1	0 0 0 1 1
Test531	0.484783684	5	0 1 1 0 0	1 0 1 1 0	1 1 0 1 1	1 1 1 1 1	0 1 1 0 1	1 0 0 1 1
Test532	0.935052648	5	0 0 0 1 0	1 1 1 0 0	0 0 1 1 0	1 0 0 0 0	0 1 1 0 1	0 0 1 0 1
Test533	0.627383942	5	1 0 0 1 0	1 0 1 0 1	0 1 0 0 1	1 1 1 0 1	0 0 1 0 0	1 0 1 1 1
Test534	0.042045576	5	0 0 0 0 1	1 1 1 1 0	1 1 1 1 0	0 0 0 0 0	1 1 1 1 0	1 1 1 1 1
Test535	0.122536403	5	0 0 0 1 1	1 1 0 0 0	1 1 0 1 0	0 1 1 0 1	1 1 1 0 0	1 0 0 0 0
Test536	0.762487441	5	1 0 1 1 1	0 1 0 0 1	1 0 1 1 1	1 1 0 0 1	1 0 0 1 0	0 0 0 1 0
Test537	0.780905418	5	0 0 0 0 1	0 0 0 0 0	1 0 1 0 0	0 0 0 1 1	0 0 1 0 0	1 0 0 1 0
Test538	0.034892778	5	1 0 1 0 1	0 0 1 1 1	0 1 0 0 1	1 1 0 0 0	1 1 0 1 1	1 1 0 0 0
Test539	0.885555461	5	0 0 1 1 0	0 1 1 1 1	1 0 0 0 1	0 1 0 1 1	0 1 0 1 0	1 1 0 0 1
Test540	0.798684441	5	0 0 0 0 0	0 1 0 1 1	0 0 0 0 0	0 0 1 1 0	0 1 1 0 0	0 0 0 0 1
Test541	0.658135902	5	1 1 0 0 0	0 1 0 1 0	0 0 1 0 0	0 1 0 0 0	0 0 1 1 0	1 1 0 0 0
Test542	0.920185386	5	0 0 1 0 0	1 0 0 1 1	1 0 1 0 1	0 1 1 0 1	0 0 0 0 0	0 1 1 1 1
Test543	0.671762238	5	0 1 0 1 0	0 1 1 0 0	0 0 1 0 1	0 1 0 0 0	0 1 0 0 0	0 0 0 1 1
Test544	0.077020293	5	1 0 1 1 1	1 0 1 0 1	1 0 1 1 0	1 1 1 0 0	1 1 1 1 1	1 0 1 1 1
Test545	0.397223706	5	1 0 1 0 0	0 0 1 1 0	0 0 1 0 0	0 0 1 1 0	1 1 1 1 1	0 1 1 1 1
Test546	0.232908319	5	0 0 1 1 0	1 1 1 1 0	0 1 1 0 1	0 1 0 0 0	1 0 0 0 1	0 1 1 0 0
Test547	0.68356679	5	1 0 0 0 0	0 1 1 1 0	0 0 1 1 0	1 1 0 1 1	0 0 1 0 0	0 0 1 1 1
Test548	0.58493873	5	0 1 1 1 1	1 1 1 1 0	1 1 1 1 0	0 1 0 0 1	1 1 1 0 1	1 1 0 1 1
Test549	0.805420295	5	0 1 0 1 0	1 0 1 0 0	0 1 0 0 1	1 0 0 0 1	0 0 0 0 0	0 0 1 1 0
Test550	0.417694862	5	0 0 1 1 0	0 1 1 0 1	0 1 0 0 0	1 0 1 0 0	1 0 1 1 1	0 0 0 0 0
Test551	0.690573049	5	0 0 0 1 1	1 1 0 0 1	1 0 0 1 0	0 0 0 1 1	0 1 0 0 0	0 0 0 1 1
Test552	0.93667637	5	0 1 1 1 0	0 0 1 0 1	0 0 1 0 1	1 1 0 0 1	1 1 1 1 1	0 1 0 0 0
Test553	0.499286983	5	1 0 1 1 1	1 1 1 1 0	0 1 1 0 0	1 0 0 1 0	0 1 1 0 1	1 1 0 1 0
Test554	0.210693436	5	0 1 1 0 1	1 1 0 1 0	0 0 1 0 1	0 0 0 0 0	0 0 0 0 0	1 0 0 1 0
Test555	0.037197732	5	0 1 0 1 0	1 1 0 0 0	1 0 1 1 1	1 1 0 0 0	0 0 1 1 0	1 1 0 1 1
Test556	0.723701368	5	0 1 1 1 1	1 0 0 0 0	1 0 1 1 1	1 1 0 0 1	0 1 1 1 0	1 1 1 1 1
Test557	0.055657945	5	1 1 0 1 0	1 0 1 0 1	1 0 0 0 1	1 0 0 1 0	1 1 1 0 0	1 0 0 0 0
Test558	0.174030237	5	1 1 1 0 0	0 1 0 0 0	1 1 0 0 1	0 1 0 1 0	1 1 1 0 0	1 1 0 1 1
Test559	0.170523358	5	1 0 1 1 0	0 0 0 0 0	0 0 0 0 1	0 1 0 1 0	1 0 1 0 0	0 1 0 0 1
Test560	0.858919394	5	1 1 1 1 0	0 0 0 0 0	0 1 0 0 0	0 1 0 1 0	0 1 0 1 0	1 0 1 1 0
Test561	0.810732279	5	1 0 1 1 0	1 0 1 0 0	1 1 1 0 1	1 0 0 0 0	1 0 1 0 1	1 1 0 1 0
Test562	0.532387287	5	0 0 0 1 1	0 1 1 0 0	0 1 0 1 1	0 1 1 1 0	1 0 0 1 1	1 1 0 0 1
Test563	0.578433645	5	1 1 1 1 0	1 1 0 0 0	0 0 1 1 0	0 1 0 0 0	0 0 1 1 1	0 1 1 1 1
Test564	0.983800888	5	0 1 1 0 0	0 1 0 0 0	0 1 1 1 1	1 0 0 0 0	1 1 1 1 0	0 0 1 0 1
Test565	0.325515805	5	1 1 1 1 0	0 1 0 1 1	0 0 1 0 0	1 1 0 1 1	0 1 0 1 0	0 0 0 0 0
Test566	0.163207691	5	1 1 1 1 1	0 1 1 1 1	0 0 0 1 0	0 0 1 0 0	1 0 0 1 0	0 0 1 0 0
Test567	0.77679471	5	0 0 0 0 1	1 0 1 1 0	1 0 0 0 1	0 1 0 1 1	0 0 0 0 0	0 1 1 0 1
Test568	0.433841687	5	0 1 0 1 1	1 0 1 0 1	1 1 1 0 0	0 1 1 0 0	1 1 0 0 1	1 0 1 1 1
Test569	0.217649815	5	1 1 1 0 1	1 1 0 0 1	1 0 1 1 1	0 1 0 0 0	0 0 1 1 1	1 1 1 0 0
Test570	0.513371857	5	1 0 0 1 0	1 1 0 0 1	1 0 0 1 1	1 0 1 1 1	0 0 1 0 1	0 1 0 1 0
Test571	0.73467763	5	1 1 1 1 1	0 1 0 1 0	1 1 1 0 1	1 0 0 0 1	1 0 0 0 0	0 1 0 0 1
Test572	0.366072315	5	0 1 0 0 1	0 0 1 1 1	0 0 1 0 1	0 0 1 0 1	1 1 1 1 0	1 0 0 0 0
Test573	0.349530078	5	0 1 1 0 1	0 1 1 0 1	0 0 1 1 1	1 1 0 0 0	1 0 1 0 1	0 1 0 1 0
Test574	0.035560699	5	1 1 0 1 0	0 1 0 0 0	0 1 1 1 0	0 1 0 1 1	1 1 0 1 0	0 1 1 0 1
Test575	0.807216682	5	1 0 1 1 0	1 0 1 1 1	1 0 1 0 0	1 0 0 1 1	0 0 0 1 1	0 0 1 0 1
Test576	0.701575332	5	1 1 0 0 1	0 1 0 0 1	1 0 0 0 1	1 1 1 0 0	0 1 1 0 0	1 0 0 0 1
Test577	0.086418549	5	1 0 1 1 1	0 0 1 0 1	0 1 1 1 1	0 0 0 0 1	0 0 1 0 1	1 1 0 0 1
Test578	0.293833152	5	0 0 1 0 1	0 1 0 0 1	0 1 0 1 0	1 0 0 0 1	0 0 0 0 1	1 0 1 1 0
Test579	0.458202684	5	1 1 0 1 0	0 0 0 0 1	1 0 1 1 1	1 0 0 1 1	0 1 1 1 0	1 0 0 0 1
Test580	0.761867841	5	1 0 0 1 1	1 1 0 1 1	1 1 1 1 0	1 1 1 0 1	0 0 0 1 1	0 1 0 0 0
Test581	0.977967005	5	1 0 1 1 1	0 0 1 1 0	1 1 0 1 1	1 1 0 0 1	1 1 1 1 1	0 1 1 0 0
Test582	0.761170767	5	0 1 1 1 1	1 0 0 1 0	1 0 1 0 0	0 1 0 1 0	0 1 1 0 1	0 1 1 1 0
Test583	0.607242553	5	0 0 0 1 1	0 1 0 0 1	1 1 0 1 0	0 0 0 0 0	0 1 1 1 0	1 1 1 1 0
Test584	0.994277489	5	1 1 0 1 0	0 0 0 0 1	0 1 0 0 1	0 1 0 0 1	0 0 0 0 0	1 1 0 1 1
Test585	0.992070222	5	0 0 1 1 0	1 1 0 1 1	1 1 1 0 1	1 0 1 1 1	1 0 0 0 1	0 0 1 1 0
Test586	0.789887683	5	1 1 1 1 1	1 1 1 1 0	0 1 1 1 0	1 0 1 0 1	0 0 1 1 1	1 1 1 0 1
Test587	0.265553099	5	0 0 1 1 0	0 0 0 1 1	1 0 1 0 0	1 0 1 1 1	0 0 1 1 1	0 0 0 0 1
Test588	0.207278607	5	0 1 0 1 1	1 0 1 1 0	1 0 1 0 1	1 0 0 0 1	1 0 1 0 1	0 1 1 0 0
Test589	0.177138106	5	1 0 0 1 0	1 1 0 1 1	0 1 0 0 1	0 1 0 0 1	1 0 1 0 1	1 1 1 0 0
Test590	0.952838029	5	1 0 0 0 1	0 1 0 0 0	1 1 1 1 0	1 0 1 0 0	1 1 0 1 1	0 1 0 0 0
Test591	0.877472745	5	0 0 0 1 0	0 0 0 0 1	1 1 0 1 0	0 0 0 1 0	0 1 1 0 0	1 0 1 1 1
Test592	0.040510079	5	1 1 1 1 0	0 1 0 0 1	0 0 0 0 0	1 1 0 1 0	1 1 1 1 0	1 0 0 1 1
Test593	0.715427342	5	1 1 0 1 0	1 0 0 1 1	0 0 1 0 0	0 1 1 1 1	1 0 0 1 1	1 0 0 0 1
Test594	0.365511128	5	0 1 1 0 1	1 1 1 1 1	1 1 1 1 0	0 1 1 0 1	1 1 1 0 0	1 1 1 0 1
Test595	0.200091838	5	0 1 1 1 1	0 1 0 0 0	1 1 1 1 0	0 0 1 0 0	1 1 0 0 0	0 0 1 0 1
Test596	0.890742123	5	1 0 0 0 0	1 0 1 1 1	1 1 1 0 0	1 0 0 1 0	1 1 1 0 0	1 0 1 0 1
Test597	0.103656994	5	0 0 0 0 0	0 0 1 1 1	0 1 0 1 1	0 1 1 0 0	0 0 1 1 1	0 0 1 1 1
Test598	0.869316999	5	0 0 1 0 0	0 0 1 1 0	1 0 0 1 1	0 1 0 1 0	1 0 0 0 1	0 1 0 1 0
Test599	0.584833549	5	1 1 1 0 1	0 0 1 0 0	1 0 0 0 1	1 0 1 1 0	1 1 0 0 1	0 0 1 1 1
Test600	0.337920747	5	0 1 1 1 1	1 0 0 0 0	1 1 0 0 1	1 0 1 0 1	1 0 1 0 0	0 0 1 1 1
Test601	0.243890137	5	0 0 1 1 0	0 0 0 1 0	0 0 0 1 0	0 0 0 0 1	0 0 1 1 0	0 0 0 0 1
Test602	0.971360295	5	1 1 0 1 0	0 0 1 1 1	0 0 1 1 0	1 0 0 0 0	1 0 0 0 1	1 1 0 1 0
Test603	0.471048337	5	0 0 1 0 0	0 0 0 1 0	1 0 1 1 1	1 1 0 0 1	0 0 1 0 0	0 1 1 0 0
Test604	0.677427522	5	1 1 0 1 1	0 0 0 0 0	0 0 1 1 1	1 1 1 1 0	1 1 0 0 0	1 1 0 1 0
Test605	0.959862983	5	0 0 1 0 0	0 0 1 1 1	1 0 1 1 0	0 0 0 1 0	0 1 0 1 1	1 1 1 0 0
Test606	0.061977527	5	0 0 1 0 0	0 0 0 0 0	0 0 1 1 1	0 0 0 0 0	0 1 1 1 1	0 1 1 0 0
Test607	0.801930635	5	1 0 0 0 1	0 1 1 0 0	1 1 1 0 0	0 1 1 0 0	0 1 0 0 0	0 0 1 0 1
Test608	0.756049109	5	1 1 0 0 0	1 0 1 1 1	1 1 0 1 0	1 0 0 0 0	1 0 0 1 1	1 0 1 1 0
Test609	0.026646378	5	1 0 1 1 1	0 1 1 1 0	0 0 1 0 1	1 0 0 0 1	0 0 1 0 1	0 1 0 0 0
Test610	0.77823063	5	1 1 0 0 0	1 1 0 1 1	0 0 0 0 1	0 1 0 1 0	1 1 1 0 1	1 0 1 0 1
Test611	0.144249548	5	1 0 1 0 0	0 0 0 1 1	1 1 0 0 0	1 0 0 0 0	0 1 0 0 1	1 0 1 1 0
Test612	0.342161779	5	0 1 1 1 0	1 0 1 1 0	0 1 0 1 1	0 0 0 1 1	1 0 0 1 1	0 0 0 1 1
Test613	0.800502822	5	0 1 0 1 1	1 1 1 1 0	0 1 0 1 1	0 1 1 1 0	0 1 0 1 0	1 1 0 1 0
Test614	0.291722882	5	1 1 1 1 0	1 0 1 1 0	0 1 1 1 1	1 1 0 0 0	1 0 1 1 0	0 1 0 0 1
Test615	0.436581237	5	0 0 0 1 1	0 0 0 0 1	1 1 0 1 0	0 0 1 0 0	1 0 1 1 1	0 1 0 1 1
Test616	0.841809547	5	0 0 1 1 1	0 1 0 1 0	0 0 0 0 1	1 1 0 1 0	0 0 0 1 1	1 0 1 0 1
Test617	0.100916825	5	1 0 1 1 0	0 1 0 0 0	0 1 1 0 0	0 0 1 0 1	0 1 1 0 1	1 1 0 1 0
Test618	0.289291026	5	1 1 0 1 1	0 1 1 0 0	1 0 1 1 0	1 1 0 0 1	1 1 0 1 0	0 0 0 1 0
Test619	0.111700011	5	0 1 0 0 1	0 1 1 1 0	0 1 1 1 1	1 0 1 1 0	1 0 0 0 0	0 1 1 1 0
Test620	0.031294818	5	0 1 1 0 0	1 1 1 1 1	1 1 0 0 1	1 1 1 1 1	0 1 1 1 1	1 1 0 1 0
Test621	0.499547088	5	1 1 1 0 0	0 1 0 1 1	0 1 1 0 1	1 1 0 0 0	0 1 0 1 1	0 1 0 0 1
Test622	0.036144895	5	1 0 0 1 1	0 0 1 0 1	0 1 1 1 0	1 0 0 1 0	1 0 1 1 0	1 1 1 0 0
Test623	0.377466782	5	1 0 1 0 0	0 1 1 1 1	0 1 0 0 0	1 0 0 0 1	1 1 0 1 1	1 1 0 0 1
Test624	0.223101041	5	0 0 1 1 0	0 0 0 1 0	0 1 1 0 1	0 1 0 0 1	0 1 0 0 1	0 1 0 0 1
Test625	0.702883969	5	0 1 1 0 1	1 0 1 1 1	0 1 0 1 1	0 1 1 1 1	1 0 1 1 1	0 1 0 0 1
Test626	0.869670951	5	0 1 1 0 1	0 1 0 0 0	1 0 1 1 0	0 0 1 1 0	1 0 1 1 1	0 0 0 1 0
Test627	0.104165034	5	0 1 0 0 1	1 1 1 0 0	0 1 1 1 0	0 1 1 0 0	1 1 0 1 1	0 1 1 0 0
Test628	0.390158421	5	1 0 0 0 1	0 1 1 0 1	1 0 0 1 0	1 1 1 0 1	1 0 1 1 1	0 0 1 0 0
Test629	0.077414349	5	1 0 0 1 0	1 0 1 1 0	1 0 1 0 0	0 0 1 0 1	1 1 0 0 0	0 1 1 0 1
Test630	0.88182815	5	1 0 1 1 0	0 0 0 0 1	0 1 1 1 0	1 1 1 0 0	0 0 1 1 0	0 0 0 1 1
Test631	0.446688943	5	1 1 1 0 0	1 1 0 0 0	1 0 0 1 1	0 1 1 0 1	1 0 0 0 1	0 1 0 1 1
Test632	0.432449006	5	1 1 1 0 1	0 0 1 1 0	0 0 0 1 0	1 0 0 1 0	0 0 0 1 1	0 1 0 0 0
Test633	0.394484279	5	1 1 0 0 1	0 1 0 1 1	0 0 1 1 0	0 0 1 0 1	0 1 0 1 0	1 1 0 1 1
Test634	0.653169394	5	0 1 0 1 1	1 1 1 0 1	1 1 0 1 1	1 1 0 0 0	0 1 0 0 0	1 1 1 0 1
Test635	0.959488142	5	1 1 0 1 1	0 1 1 1 1	0 0 0 0 1	0 0 0 0 1	0 0 1 0 1	1 0 0 0 1
Test636	0.032473955	5	0 0 1 1 1	0 1 0 1 1	0 1 1 1 1	1 1 0 0 0	1 1 0 0 1	0 0 0 1 0
Test637	0.347117626	5	0 0 1 0 1	0 0 1 1 1	1 1 1 1 0	0 0 1 1 1	0 1 1 1 1	1 0 1 0 0
Test638	0.506340241	5	1 0 1 1 0	0 0 1 1 0	1 1 0 0 0	0 0 1 1 0	1 0 1 1 1	1 1 0 0 1
Test639	0.069812969	5	1 0 1 0 0	0 0 1 0 0	0 1 1 0 1	1 1 1 0 1	0 0 0 1 0	0 0 0 1 0
Test640	0.224047754	5	0 0 0 0 0	1 0 1 0 0	0 1 0 0 1	1 0 0 1 0	1 1 1 0 1	1 0 0 1 0
Test641	0.648687784	5	1 1 0 1 0	0 0 1 1 1	0 0 1 1 0	0 0 1 0 1	0 1 0 1 1	1 0 1 0 1
Test642	0.008561189	5	1 0 0 0 1	1 1 1 1 0	1 1 0 0 1	0 0 1 0 0	0 1 1 1 0	1 1 1 0 0
Test643	0.501939686	5	0 0 0 0 1	1 1 0 0 1	1 1 1 1 1	0 0 0 0 1	0 0 1 0 0	0 0 0 1 0
Test644	0.683425932	5	1 1 0 1 1	1 0 1 0 1	0 1 1 1 0	0 1 1 0 1	0 1 0 0 0	0 0 1 0 1
Test645	0.08447027	5	1 0 1 1 1	0 1 1 0 0	1 1 1 1 1	1 1 1 1 0	0 1 0 1 1	1 0 0 0 1
Test646	0.893192696	5	0 1 0 1 1	0 1 1 0 0	1 0 1 1 1	0 1 0 1 1	1 1 1 1 1	0 0 1 0 0
Test647	0.089908168	5	1 0 0 0 0	0 0 1 1 0	0 0 0 1 0	0 0 1 1 0	0 0 0 1 1	1 0 0 0 1
Test648	0.494228938	5	0 0 0 0 1	1 0 1 0 0	1 1 0 1 0	0 0 1 0 1	0 1 1 1 1	0 0 1 0 1
Test649	0.044725094	5	1 1 0 1 1	0 0 1 1 1	0 1 1 0 0	0 1 0 0 0	1 1 0 1 0	0 0 0 1 0
Test650	0.699940748	5	1 0 0 1 0	1 0 1 0 0	0 1 0 1 0	1 0 0 1 0	0 1 1 1 1	1 0 0 0 1
Test651	0.487278751	5	1 0 1 0 0	1 1 1 0 1	0 0 0 0 1	0 0 0 0 0	1 0 0 0 0	1 1 0 0 0
Test652	0.019861578	5	0 1 1 1 0	0 0 0 1 1	1 0 1 0 1	0 0 0 1 0	0 0 0 0 1	1 1 0 1 1
Test653	0.777202474	5	0 1 1 1 1	1 1 0 1 1	0 0 0 1 1	1 0 0 1 0	0 1 1 0 0	0 1 0 0 1
Test654	0.166004139	5	1 1 1 0 0	1 0 0 1 0	0 1 0 1 0	1 1 1 1 0	1 1 1 0 0	0 0 1 1 0
Test655	0.479014506	5	1 1 0 0 0	0 0 1 1 1	0 1 0 1 0	1 0 0 1 1	0 0 0 0 1	0 0 1 1 1
Test656	0.436683272	5	1 1 0 0 1	1 1 0 1 0	1 1 1 1 0	1 1 1 0 1	0 0 1 0 1	0 0 1 0 1
Test657	0.493050248	5	0 1 0 1 0	0 0 0 1 0	0 0 0 0 0	0 1 0 0 1	0 1 1 0 0	0 1 1 0 1
Test658	0.132652049	5	0 0 1 1 0	1 0 0 1 0	0 1 0 1 0	1 1 1 0 1	0 1 0 1 0	0 1 0 0 1
Test659	0.098313135	5	1 1 0 1 1	0 0 0 1 0	0 0 1 0 0	0 0 0 0 0	0 0 0 1 0	1 1 1 1 1
Test660	0.599021043	5	1 0 0 0 0	1 1 1 0 1	0 0 0 0 0	0 0 1 0 0	0 1 1 0 1	0 0 1 0 0
Test661	0.756241264	5	0 1 1 0 0	0 0 0 0 1	0 1 1 0 1	1 1 0 1 1	0 1 1 1 1	1 0 1 0 0
Test662	0.83941243	5	0 1 1 0 1	0 0 1 1 1	1 0 1 0 1	0 0 0 1 0	0 1 1 0 0	1 0 0 0 1
Test663	0.600368568	5	0 0 1 0 1	1 1 0 0 1	0 0 0 1 0	0 1 1 1 0	1 1 0 0 0	0 1 0 0 0
Test664	0.519180039	5	0 1 1 0 1	0 1 1 1 0	0 0 1 1 1	0 1 1 0 1	1 0 1 0 0	1 1 1 0 1
Test665	0.204842452	5	0 0 1 1 0	1 1 0 1 1	1 0 0 0 1	0 1 0 0 0	1 1 0 0 0	1 1 1 0 0
Test666	0.122872124	5	0 1 1 0 1	1 1 1 0 0	0 0 1 0 0	0 1 0 1 0	0 0 1 0 0	1 1 0 1 1
Test667	0.279871468	5	0 1 0 0 1	0 0 1 1 1	0 0 1 0 0	0 0 0 1 1	0 0 1 1 1	0 1 1 1 0
Test668	0.267689047	5	0 1 0 0 1	0 1 1 1 0	0 1 1 1 0	1 0 0 0 0	0 0 0 0 0	1 1 0 0 1
Test669	0.303103986	5	0 0 1 1 0	1 0 0 0 0	0 0 1 0 0	1 1 0 0 0	0 0 1 0 0	0 1 1 1 0
Test670	0.628960026	5	1 1 0 1 0	0 0 0 1 1	1 0 0 1 1	0 1 1 0 1	0 0 1 0 0	0 0 0 1 1
Test671	0.303254865	5	1 1 0 0 1	0 1 1 1 0	0 0 0 0 1	0 0 0 1 0	0 0 1 1 0	1 0 0 1 0
Test672	0.843768618	5	0 0 0 1 0	1 1 1 1 0	1 0 0 1 1	1 0 1 1 0	0 1 1 0 0	1 0 1 0 1
Test673	0.676709492	5	1 1 0 1 1	1 0 1 1 1	1 0 1 1 0	0 1 0 1 1	1 1 1 0 1	0 1 1 0 0
Test674	0.993252726	5	0 0 1 0 1	0 1 0 0 1	0 1 0 1 1	0 0 0 0 0	0 1 0 0 1	0 1 1 1 0
Test675	0.689208166	5	0 1 1 1 1	0 1 1 0 1	1 0 1 0 1	0 1 1 1 1	0 0 1 1 0	1 1 1 1 0
Test676	0.067299381	5	0 0 0 1 1	1 1 1 0 0	1 1 1 1 0	1 0 0 1 0	0 0 0 1 1	1 0 0 0 0
Test677	0.5421088	5	0 0 0 0 1	0 1 0 1 1	1 1 0 0 1	0 1 1 1 1	1 0 1 1 0	0 1 0 1 0
Test678	0.104840101	5	1 0 0 0 0	0 1 0 1 0	0 1 0 0 1	0 0 0 1 1	0 1 1 0 0	1 1 1 0 0
Test679	0.616061364	5	1 0 1 0 1	0 0 1 0 1	0 0 0 0 1	0 1 0 1 1	1 1 1 1 1	0 0 1 0 1
Test680	0.913985615	5	0 0 1 0 0	1 0 1 0 1	1 0 1 1 1	1 1 1 0 1	0 1 0 1 0	1 0 0 0 1
Test681	0.350744102	5	1 1 1 0 0	1 1 0 0 1	1 1 1 1 0	1 0 1 1 1	0 1 0 0 0	0 0 1 0 0
Test682	0.165546952	5	1 0 1 0 1	0 1 1 1 1	0 1 1 0 1	0 1 1 0 1	0 0 0 0 1	1 1 0 1 1
Test683	0.699682778	5	1 0 0 1 0	1 0 1 1 0	0 0 1 0 1	1 1 1 0 0	0 0 1 1 0	1 1 0 1 1
Test684	0.448145848	5	1 0 1 1 0	0 1 0 1 1	0 1 0 0 1	0 0 1 0 0	0 0 0 1 1	1 0 0 1 1
Test685	0.619421927	5	0 1 0 0 1	0 1 1 0 1	0 1 1 1 0	1 0 0 0 1	1 1 0 0 1	0 0 0 1 0
Test686	0.001901089	5	0 0 0 1 1	0 1 1 0 1	1 0 0 0 0	1 1 0 0 1	1 0 0 1 0	1 0 1 0 1
Test687	0.585334254	5	0 0 1 1 0	0 0 0 1 1	1 1 0 0 0	0 1 0 0 1	1 1 1 0 0	0 1 0 0 0
Test688	0.942392416	5	0 0 1 0 1	1 0 0 1 1	1 0 0 0 0	0 1 1 0 0	1 0 1 1 0	1 1 1 0 0
Test689	0.539147328	5	0 0 1 0 0	1 0 1 0 0	1 1 1 1 1	0 1 1 0 0	1 0 1 0 1	1 0 1 1 0
Test690	0.141334759	5	1 1 0 0 0	1 1 0 0 0	1 1 0 1 0	1 1 0 1 1	0 1 0 0 0	0 1 0 0 1
Test691	0.785239554	5	0 1 1 0 1	0 0 0 1 1	1 0 0 1 0	1 0 1 0 0	1 0 1 0 1	1 1 1 0 1
Test692	0.408850144	5	1 0 0 1 0	1 0 1 1 1	1 1 1 0 1	1 0 1 0 1	0 1 1 1 1	0 0 0 1 0
Test693	0.209576339	5	0 1 1 0 0	0 1 0 1 0	0 0 0 0 1	1 1 1 0 0	0 0 0 1 0	1 1 0 0 1
Test694	0.789497179	5	0 0 1 1 1	0 1 1 0 0	0 1 0 0 0	0 0 1 0 0	1 0 0 1 0	1 0 1 0 1
Test695	0.096582472	5	0 1 1 1 0	0 0 1 1 1	0 1 0 1 0	1 0 1 0 1	1 1 1 1 0	0 1 0 0 0
Test696	0.096249167	5	0 0 1 1 1	0 1 0 1 0	0 1 0 1 0	0 1 1 0 1	0 0 1 1 1	0 1 1 0 1
Test697	0.332470794	5	0 0 1 0 1	1 0 1 1 0	1 0 0 1 0	1 0 0 0 0	1 1 1 1 1	0 1 1 1 0
Test698	0.870021124	5	1 0 1 1 1	1 0 1 0 0	0 1 1 0 1	0 0 0 0 1	1 1 1 1 0	1 0 0 0 1
Test699	0.456061514	5	0 1 0 1 1	0 1 1 1 1	1 0 1 0 0	1 0 1 0 0	1 0 0 0 0	1 0 1 0 0
Test700	0.749625395	5	1 0 0 1 0	0 1 1 1 1	1 1 1 0 1	1 1 0 1 1	1 1 0 0 1	0 0 0 1 0
Test701	0.500848736	5	0 0 1 0 0	1 0 0 1 0	1 1 1 1 0	0 0 1 1 0	0 1 0 1 1	0 0 1 0 1
Test702	0.53973076	5	1 1 0 0 0	0 1 1 0 0	1 0 1 1 1	1 0 1 0 1	1 1 0 0 1	0 1 1 1 1
Test703	0.844092309	5	0 0 0 0 1	1 1 1 1 1	0 1 1 0 0	0 1 0 1 0	1 0 0 0 0	0 1 0 0 0
Test704	0.53818495	5	0 1 0 1 0	1 1 1 0 1	0 0 0 1 1	0 1 1 1 0	1 1 0 1 1	0 0 0 0 1
Test705	0.880655011	5	1 1 0 0 0	1 1 0 1 1	1 1 0 1 1	1 0 0 1 1	1 0 0 1 1	1 1 0 0 0
Test706	0.832203159	5	1 0 0 1 0	0 0 0 0 0	1 0 1 1 1	0 1 0 0 0	1 0 0 0 0	1 1 1 0 1
Test707	0.149097292	5	0 1 0 1 1	1 1 1 0 0	1 0 1 1 0	1 1 1 0 1	0 1 1 0 0	1 0 0 0 0
Test708	0.85597831	5	0 0 0 0 1	1 1 0 0 1	1 1 1 1 1	1 1 0 1 0	1 0 1 1 1	0 1 0 1 0
Test709	0.274055194	5	1 1 1 0 0	1 1 0 0 1	0 0 1 0 1	1 0 0 1 1	0 0 1 0 1	1 0 1 1 0
Test710	0.453242232	5	0 0 0 1 1	1 1 0 1 0	0 1 0 1 1	1 1 0 1 1	1 0 1 1 1	1 1 1 1 0
Test711	0.999216139	5	0 0 1 0 0	0 1 0 0 0	0 0 0 1 0	1 1 0 0 1	0 0 0 1 1	1 0 1 0 0
Test712	0.8816056	5	1 1 1 1 0	0 0 0 0 0	0 0 1 0 0	1 1 1 0 0	0 0 0 1 0	0 0 1 0 0
Test713	0.88839223	5	1 0 0 0 0	1 1 0 0 1	1 1 1 0 0	1 1 1 1 0	1 0 1 0 0	1 1 1 1 1
Test714	0.221461734	5	0 0 0 0 0	1 1 1 1 1	0 1 1 0 0	1 0 1 0 0	0 1 1 0 1	0 1 0 1 0
Test715	0.690721157	5	1 0 0 0 1	1 1 0 1 0	1 0 0 1 1	1 1 1 1 1	1 1 0 0 0	1 1 1 1 1
Test716	0.226731143	5	0 1 0 0 1	1 0 0 1 1	1 1 0 0 1	0 0 0 0 0	1 0 0 0 0	1 0 0 1 1
Test717	0.514438197	5	0 0 1 0 0	1 0 0 0 1	0 0 0 1 1	1 1 0 1 0	0 0 0 0 1	0 1 1 0 1
Test718	0.867913761	5	0 0 1 1 1	0 1 1 1 1	0 1 0 0 0	1 0 0 0 0	1 0 1 0 1	0 0 1 0 1
Test719	0.353779304	5	0 1 1 1 1	1 0 1 0 1	1 1 1 0 1	0 0 1 1 0	0 1 1 0 1	0 1 1 0 0
Test720	0.53983027	5	0 0 0 0 0	0 0 1 0 0	0 0 0 0 0	1 0 0 0 1	1 1 1 1 0	0 1 0 1 1
Test721	0.895897473	5	0 0 1 1 0	1 0 1 1 0	0 1 1 0 0	1 1 0 1 0	0 0 1 1 1	0 0 0 0 1
Test722	0.089981745	5	1 0 1 0 0	1 1 1 1 1	0 1 1 1 1	1 1 0 0 0	0 0 1 0 1	1 1 0 0 1
Test723	0.529414479	5	1 0 0 0 0	0 0 0 1 1	1 1 1 1 1	0 0 1 1 1	0 1 1 1 0	0 0 1 0 1
Test724	0.543094742	5	0 1 0 0 0	1 1 1 1 0	0 0 1 1 1	0 1 1 1 1	0 1 0 1 1	1 0 1 0 1
Test725	0.206351338	5	1 0 1 0 0	1 1 0 1 1	0 1 1 0 1	0 0 0 1 1	1 1 1 0 1	1 1 1 0 0
Test726	0.71131639	5	1 1 1 1 1	0 0 1 1 0	0 0 1 0 0	1 1 1 1 1	0 0 1 1 1	0 0 1 0 1
Test727	0.137107623	5	0 0 1 1 0	1 1 0 1 1	1 0 0 1 0	0 1 0 0 1	0 0 1 1 0	0 0 0 0 0
Test728	0.682892354	5	0 0 1 0 0	1 1 1 0 0	1 1 1 1 1	0 1 1 0 1	0 0 1 1 0	0 1 1 0 0
Test729	0.747290466	5	1 0 0 0 1	0 1 0 0 0	0 1 0 0 1	1 0 0 1 1	1 0 0 0 1	1 0 0 1 0
Test730	0.932405833	5	0 0 1 0 1	1 0 1 0 0	1 0 0 1 1	0 0 1 0 0	0 1 0 1 1	0 1 1 0 1
Test731	0.343121066	5	0 0 0 0 1	1 0 0 1 0	0 0 1 1 0	1 0 1 1 1	1 0 0 1 0	1 0 0 0 0
Test732	0.512958207	5	1 0 1 0 0	1 1 0 1 1	0 1 0 0 0	1 0 1 0 1	1 1 0 0 0	0 1 0 1 0
Test733	0.66056798	5	0 0 0 1 0	1 0 1 0 1	1 1 0 0 0	1 0 1 1 0	1 0 1 0 0	0 1 1 0 1
Test734	0.88471441	5	1 1 0 1 1	0 1 0 1 1	1 0 1 0 0	1 1 0 1 0	1 0 1 1 0	0 1 0 0 0
Test735	0.161879163	5	1 1 1 1 0	1 0 1 1 0	1 0 0 1 0	1 0 1 0 0	0 0 1 0 0	0 1 0 1 0
Test736	0.77619478	5	0 0 0 0 0	1 1 0 0 1	1 1 0 0 0	1 0 1 1 1	1 1 0 0 0	0 1 1 1 0
Test737	0.994514299	5	0 0 1 0 1	0 0 1 1 1	0 1 1 1 1	0 0 1 1 0	0 0 0 0 0	0 1 0 1 1
Test738	0.544389254	5	0 0 0 0 0	0 1 1 0 1	0 1 0 0 1	0 1 1 1 1	0 0 1 1 0	0 1 1 0 1
Test739	0.643092447	5	1 0 0 0 1	1 0 1 0 0	0 1 1 1 1	1 0 0 1 1	1 0 0 0 1	0 1 0 0 0
Test740	0.852842187	5	1 1 0 1 0	0 1 0 1 1	1 1 1 1 1	1 0 1 0 1	1 1 0 0 0	0 0 0 1 1
Test741	0.76434183	5	1 0 0 0 0	1 1 0 0 1	1 1 0 1 1	0 1 1 0 0	0 1 0 0 0	1 0 1 1 0
Test742	0.150288694	5	0 0 0 0 1	1 1 1 0 1	0 1 0 0 0	0 0 0 1 0	0 1 0 0 0	1 1 1 1 0
Test743	0.859107215	5	0 1 0 1 0	1 0 0 0 1	1 0 1 1 0	1 1 0 0 0	1 1 0 0 0	0 1 1 0 1
Test744	0.096613186	5	1 1 1 1 1	1 1 1 1 1	0 0 0 1 0	1 1 0 0 0	0 1 0 0 1	1 0 0 1 1
Test745	0.240638946	5	1 1 0 0 1	0 1 1 0 0	0 0 1 1 0	0 0 1 0 0	1 1 1 1 0	0 1 0 0 1
Test746	0.654978709	5	0 0 1 1 0	1 0 0 0 0	1 0 0 0 0	0 0 1 0 0	1 1 0 0 1	1 1 0 1 1
Test747	0.703645364	5	1 1 0 0 1	0 1 0 1 0	1 1 0 1 0	1 1 0 0 0	1 1 0 0 1	0 1 0 0 0
Test748	0.037220664	5	0 1 1 0 0	0 0 1 0 1	1 1 0 0 0	0 0 0 0 0	1 1 1 0 1	0 1 1 0 0
Test749	0.165822445	5	0 0 1 1 1	1 1 0 0 0	1 1 0 0 1	1 0 1 1 0	1 1 1 1 0	0 1 1 1 0
Test750	0.618192004	5	1 1 0 1 0	0 1 0 1 0	1 0 0 0 1	0 0 1 1 0	0 0 1 0 1	0 0 0 1 0
Test751	0.85723582	5	1 0 0 0 0	1 1 0 1 0	0 0 0 0 0	1 1 1 0 0	0 1 0 0 1	1 1 1 1 1
Test752	0.719120203	5	1 0 1 0 0	1 1 0 1 0	1 0 1 1 0	1 1 1 0 1	0 0 1 1 1	0 0 0 1 0
Test753	0.874501067	5	1 1 0 0 1	1 1 0 1 0	0 0 1 0 0	1 1 1 1 1	1 1 1 0 1	0 0 1 0 1
Test754	0.461212729	5	0 0 1 0 1	0 0 0 0 0	0 0 0 0 0	1 1 1 0 1	0 0 0 0 0	1 1 0 0 0
Test755	0.983390189	5	1 0 1 1 1	1 1 1 1 1	1 0 1 0 0	0 0 0 1 0	1 1 1 1 1	0 0 0 0 1
Test756	0.565946676	5	0 0 1 1 1	1 1 1 0 0	0 1 0 0 1	1 0 0 1 0	1 0 0 1 1	1 0 0 1 1
Test757	0.079179519	5	1 1 1 1 1	0 1 0 0 0	1 0 1 1 1	0 1 0 1 0	1 1 0 1 0	1 0 0 0 0
Test758	0.343862305	5	0 0 0 1 0	1 1 1 1 1	1 0 1 1 1	1 1 1 0 1	0 0 0 1 0	1 0 1 0 1
Test759	0.92012809	5	1 1 0 0 0	1 1 1 0 1	0 1 0 1 1	0 1 0 0 1	1 0 1 1 1	1 0 0 0 0
Test760	0.954339701	5	0 1 0 1 0	0 0 1 0 0	0 0 1 0 1	0 0 1 0 0	1 0 0 0 0	1 1 1 1 1
Test761	0.839232056	5	0 1 1 1 1	1 1 1 0 0	0 1 0 1 0	1 1 0 1 1	0 1 1 0 1	0 1 1 1 1
Test762	0.510845288	5	0 0 0 1 1	1 0 1 0 1	0 1 1 0 0	1 0 1 0 0	1 0 0 0 1	1 1 1 1 1
Test763	0.044683905	5	0 0 1 1 0	1 0 0 0 0	0 0 1 0 0	1 0 0 1 1	1 0 0 0 0	1 0 0 0 1
Test764	0.732770174	5	0 0 0 0 1	0 0 1 1 0	0 0 0 1 0	1 1 0 1 0	1 0 1 0 1	0 1 0 1 0
Test765	0.747143479	5	0 0 0 0 1	1 0 1 0 0	1 0 1 0 1	0 0 0 1 1	0 1 0 1 0	0 1 0 0 1
Test766	0.2045535	5	0 1 0 1 1	1 1 1 0 0	1 1 1 0 0	0 1 0 1 1	0 0 0 1 1	0 0 0 1 1
Test767	0.58068914	5	0 1 0 1 0	1 1 0 1 1	1 1 1 1 0	1 1 1 1 1	1 1 1 0 0	0 1 1 0 0
Test768	0.762869526	5	0 0 1 0 0	0 0 0 1 1	0 0 1 1 1	1 1 0 0 1	0 0 1 0 0	1 1 1 0 1
Test769	0.300754878	5	0 0 1 0 1	1 0 1 0 1	0 0 0 1 0	0 1 1 0 0	1 1 1 0 0	0 0 0 1 0
Test770	0.30719991	5	0 1 1 0 1	1 0 0 1 0	0 1 1 1 1	1 1 1 0 0	0 1 0 1 0	0 0 1 1 0
Test771	0.208208666	5	1 0 0 0 1	0 0 0 1 1	0 1 0 0 1	1 0 1 1 1	1 1 1 1 1	1 0 0 1 1
Test772	0.916256766	5	0 1 0 0 1	0 1 0 0 1	0 1 0 1 1	1 1 1 0 1	0 0 0 1 1	1 0 1 0 1
Test773	0.189151831	5	1 0 0 1 0	0 0 0 0 1	1 1 1 1 1	1 1 0 0 1	1 0 1 1 0	0 0 0 1 1
Test774	0.784930317	5	0 0 0 1 0	0 1 0 0 1	0 1 0 0 1	1 0 1 1 0	0 0 0 0 0	1 0 1 0 0
Test775	0.982497483	5	1 1 0 0 1	1 1 0 1 0	1 1 1 0 1	1 0 0 0 0	1 1 1 1 0	1 0 0 0 0
Test776	0.311841335	5	0 0 0 0 0	0 1 1 1 0	1 1 1 1 1	0 1 0 0 1	0 1 1 1 0	1 0 1 1 0
Test777	0.518064491	5	1 0 0 0 1	1 0 0 1 1	1 1 1 1 0	0 0 1 1 0	1 1 1 1 0	0 0 1 0 0
Test778	0.377404345	5	0 1 1 1 0	0 1 0 1 0	1 1 0 1 0	1 0 1 0 0	0 0 1 0 0	0 1 1 1 0
Test779	0.824585572	5	1 1 0 1 1	0 0 0 0 0	0 1 0 0 0	1 0 1 0 1	1 1 1 1 1	1 1 0 0 1
Test780	0.805547172	5	1 0 0 0 1	1 1 1 0 1	0 0 0 0 1	1 0 0 1 0	1 1 1 0 0	0 0 0 1 1
Test781	0.196226106	5	0 1 1 1 1	1 0 0 0 0	0 1 0 1 1	1 1 1 1 0	1 1 1 0 1	1 0 1 1 1
Test782	0.888276798	5	1 1 0 0 0	1 1 0 1 0	0 1 1 1 1	0 1 0 0 1	1 0 1 0 0	1 0 0 0 0
Test783	0.351047392	5	1 0 0 0 1	1 1 0 1 1	1 0 0 0 1	0 0 1 0 0	0 1 1 0 1	1 0 0 1 0
Test784	0.565203632	5	1 1 0 0 1	0 0 1 0 1	1 1 1 1 0	1 1 1 1 1	0 0 0 0 1	1 1 1 0 0
Test785	0.422369302	5	1 0 0 1 0	0 0 0 0 1	0 0 0 1 0	1 0 1 1 1	0 0 1 1 1	0 0 0 0 1
Test786	0.643558012	5	1 1 0 1 0	0 0 1 0 1	0 1 1 1 1	1 1 0 0 1	1 0 1 1 0	1 1 1 1 1
Test787	0.832074069	5	1 1 0 0 1	0 0 0 0 1	1 0 0 0 1	0 0 1 0 0	0 1 0 0 1	0 0 1 0 0
Test788	0.936503238	5	1 1 0 0 0	0 0 1 0 1	0 0 0 1 1	1 0 1 0 1	0 0 1 0 1	0 1 1 1 0
Test789	0.614013862	5	0 0 1 0 1	0 0 1 0 0	1 0 0 1 0	0 1 1 1 0	1 1 1 0 1	0 0 0 0 0
Test790	0.426966323	5	0 0 1 1 0	0 1 0 1 1	1 0 0 1 1	0 0 1 1 1	1 1 1 1 0	0 0 1 1 1
Test791	0.428139921	5	1 1 1 0 0	1 1 1 1 0	0 1 1 0 0	0 1 0 1 0	0 1 0 0 0	0 1 1 0 0
Test792	0.803996303	5	1 0 0 1 0	1 0 1 1 1	1 0 0 1 0	1 1 1 0 1	0 0 1 1 1	0 1 1 0 1
Test793	0.712778352	5	1 0 1 0 1	0 0 0 1 0	1 0 1 0 0	0 1 0 1 0	1 1 1 0 1	1 0 1 0 0
Test794	0.146314615	5	0 1 1 1 1	1 0 0 0 0	0 1 1 0 1	1 0 0 0 1	1 0 1 0 1	1 0 1 1 0
Test795	0.712956933	5	0 1 0 0 1	0 0 0 0 0	0 0 1 1 0	1 0 1 0 0	0 1 0 1 1	1 0 0 0 0
Test796	0.849313162	5	1 1 0 0 1	0 1 1 0 0	1 0 0 0 0	0 0 0 0 1	1 1 0 0 0	1 1 1 0 0
Test797	0.222270766	5	1 1 0 1 0	1 0 0 1 0	1 1 1 1 0	0 0 0 1 1	1 1 1 0 0	0 1 0 0 1
Test798	0.476748617	5	1 0 1 1 0	0 1 1 1 1	0 1 0 1 1	0 1 1 1 1	0 0 1 0 0	1 1 0 0 1
Test799	0.180185017	5	1 0 1 1 0	1 1 1 1 0	1 0 0 1 1	0 0 1 0 1	1 1 0 1 1	0 0 1 0 1
Test800	0.368874917	5	1 1 1 1 1	1 1 0 1 0	0 1 1 0 0	0 1 0 1 1	0 0 1 0 0	0 0 1 1 0
Test801	0.918703649	5	1 1 1 1 0	1 1 0 0 1	0 1 1 0 1	1 1 1 1 0	0 0 0 0 0	1 0 1 0 0
Test802	0.581805686	5	0 1 0 0 0	0 1 0 0 1	0 1 0 1 1	0 1 1 0 1	0 1 1 1 0	0 1 0 0 1
Test803	0.744765207	5	0 0 1 0 1	1 1 0 1 0	0 1 0 1 0	0 0 1 0 1	1 1 1 1 0	0 1 1 1 0
Test804	0.439666887	5	1 1 0 1 1	1 1 0 0 1	0 1 0 1 1	1 0 0 0 0	1 1 0 1 1	0 0 0 1 0
Test805	0.827465836	5	1 1 1 1 0	1 0 1 1 0	1 1 1 0 1	1 1 0 0 1	0 1 0 0 1	0 0 1 0 1
Test806	0.221867699	5	1 0 0 0 1	1 1 0 0 0	0 0 0 1 0	1 1 1 0 0	1 0 0 0 1	0 0 1 1 0
Test807	0.259117757	5	1 0 1 0 1	1 0 1 0 1	0 1 1 0 1	1 0 0 0 0	0 1 0 1 1	1 0 1 1 0
Test808	0.111227089	5	0 0 0 1 1	1 1 1 0 1	0 1 1 0 1	0 0 0 1 0	1 0 1 0 1	0 0 1 0 0
Test809	0.618965755	5	1 1 0 1 1	0 1 0 0 1	0 0 0 1 1	1 0 1 1 1	1 0 1 1 0	1 0 0 0 0
Test810	0.683879314	5	1 1 1 0 0	0 1 1 0 1	1 1 1 1 0	1 1 1 1 0	0 1 1 0 1	1 1 1 0 0
Test811	0.079150218	5	0 1 0 0 0	1 0 0 1 1	1 0 1 0 1	1 0 0 0 0	1 1 1 1 1	0 0 0 0 1
Test812	0.340696484	5	1 0 1 0 0	0 1 1 1 0	0 1 1 1 1	1 0 1 1 1	1 1 1 0 0	1 1 1 1 0
Test813	0.236355036	5	1 0 0 1 1	0 1 0 0 0	0 1 1 1 0	1 1 1 0 0	0 1 0 0 0	0 0 0 0 1
Test814	0.213219826	5	1 1 0 1 0	1 0 0 1 0	0 1 1 1 1	0 1 0 1 1	0 1 1 0 1	0 0 0 0 1
Test815	0.280754691	5	0 0 1 1 0	0 0 0 1 1	0 1 0 1 1	0 1 1 0 1	0 0 0 1 1	0 0 0 0 0
Test816	0.480104877	5	1 1 1 0 0	1 0 0 1 1	0 0 0 1 1	0 0 0 0 0	1 1 0 0 0	1 0 1 0 0
Test817	0.455847091	5	1 0 1 1 0	1 0 1 0 0	0 1 0 1 1	0 0 0 0 1	0 0 0 0 1	0 1 0 0 1
Test818	0.824764291	5	1 1 0 0 0	1 0 1 0 1	1 0 0 0 1	1 0 0 0 0	0 0 1 0 1	0 1 0 0 1
Test819	0.117745555	5	1 0 1 1 1	1 0 1 1 1	0 0 0 1 1	1 0 1 1 1	0 1 0 0 0	1 1 1 0 0
Test820	0.074325767	5	1 0 0 1 1	1 1 0 0 1	0 0 0 1 1	1 1 1 0 1	0 0 1 0 1	1 0 0 0 1
Test821	0.670000241	5	1 1 1 1 1	1 0 0 0 0	1 0 0 0 0	1 1 1 1 0	1 1 0 0 0	1 1 0 0 1
Test822	0.125384505	5	0 1 1 1 0	1 0 0 0 0	0 1 1 0 0	1 1 1 1 1	0 0 1 0 0	0 1 0 0 1
Test823	0.109930675	5	1 0 1 0 0	0 1 1 0 1	0 1 0 1 0	1 0 0 1 0	0 1 0 1 1	0 1 0 1 0
Test824	0.507334163	5	0 0 1 1 1	1 1 0 0 1	1 0 1 0 0	1 1 1 0 0	1 1 0 0 0	0 1 1 1 0
Test825	0.122652856	5	1 0 0 1 1	1 1 0 0 0	1 1 0 1 0	0 1 1 1 1	0 1 0 0 0	1 0 1 1 0
Test826	0.330897337	5	1 1 1 0 0	0 1 1 1 1	1 0 1 1 1	1 1 0 1 1	1 0 1 1 1	0 1 0 0 0
Test827	0.557223153	5	1 1 1 1 0	0 0 0 0 1	1 1 1 0 0	1 0 0 0 0	1 0 0 1 0	0 0 0 0 1
Test828	0.918217673	5	0 1 0 1 0	0 1 0 0 1	1 0 0 0 0	0 1 0 0 1	0 1 0 1 1	1 0 0 0 1
Test829	0.61011361	5	0 1 0 1 1	0 0 0 0 1	1 0 0 0 0	1 0 1 0 0	0 1 1 1 0	0 0 0 0 0
Test830	0.11075122	5	1 1 0 0 0	1 0 1 0 1	1 1 0 1 0	1 1 1 0 1	0 0 0 0 1	0 1 0 1 1
Test831	0.069981124	5	1 0 1 0 0	0 1 0 1 0	1 0 1 0 0	0 0 1 1 0	1 1 1 1 0	1 0 0 1 0
Test832	0.600875648	5	1 1 1 1 1	1 0 0 1 1	1 0 1 1 0	1 0 1 0 1	1 1 1 0 1	1 0 0 1 0
Test833	0.96743693	5	1 0 1 0 0	1 0 1 0 1	0 0 1 1 1	1 0 1 1 0	1 1 0 1 0	0 1 0 1 0
Test834	0.299036996	5	0 0 0 1 1	1 1 1 1 1	0 0 1 1 0	1 0 1 0 0	0 0 0 1 1	0 1 1 0 1
Test835	0.326033468	5	1 1 0 0 1	0 0 0 1 1	0 1 0 0 1	0 0 1 1 0	1 1 0 0 0	0 1 1 0 1
Test836	0.952653601	5	0 0 1 0 1	0 1 0 0 1	1 0 1 1 1	1 0 0 1 1	1 0 1 1 0	1 1 1 1 0
Test837	0.666797179	5	1 1 0 1 0	0 0 1 0 0	0 0 1 1 1	1 0 0 1 0	0 0 0 1 1	0 1 0 0 0
Test838	0.379612321	5	1 0 1 1 1	0 1 0 1 1	0 1 1 1 0	1 0 0 0 1	0 0 1 1 1	0 0 1 0 0
Test839	0.213440773	5	0 0 1 1 0	0 1 1 0 1	1 0 1 0 0	0 0 0 0 1	0 1 1 0 1	1 0 0 1 1
Test840	0.36170765	5	0 0 1 1 1	0 1 0 1 0	1 1 0 0 1	0 0 0 0 1	1 0 0 0 0	0 0 1 0 1
Test841	0.638585181	5	0 1 1 1 1	1 0 1 1 0	0 0 0 0 1	1 1 0 0 0	1 1 1 1 1	1 1 1 1 1
Test842	0.975753398	5	0 0 0 1 0	1 0 0 1 0	1 1 1 0 1	1 1 1 1 1	0 1 0 0 0	1 1 0 1 0
Test843	0.793284008	5	0 0 1 0 1	0 1 0 0 0	1 1 0 0 1	1 1 0 1 0	1 1 0 0 1	1 0 1 1 1
Test844	0.451251469	5	0 0 1 0 0	1 1 1 1 0	0 1 0 0 1	0 1 1 1 0	1 0 0 0 0	0 1 1 0 1
Test845	0.129462389	5	1 1 1 1 1	0 0 1 1 1	1 0 1 1 1	0 1 0 0 0	1 0 0 0 0	1 0 1 1 1
Test846	0.979232257	5	1 0 1 0 0	0 0 1 1 1	0 1 1 1 0	0 1 0 0 0	0 1 0 1 0	1 1 1 1 1
Test847	0.69294115	5	1 0 0 0 1	1 0 1 1 0	1 0 0 0 0	1 1 1 0 1	1 0 0 0 1	1 1 0 1 1
Test848	0.518371065	5	1 1 0 0 1	0 0 0 1 1	1 0 1 0 1	0 0 1 1 1	0 0 1 0 1	0 1 1 0 1
Test849	0.057001438	5	0 0 0 1 1	1 1 0 1 0	1 0 0 0 1	0 1 0 1 0	0 0 0 0 1	0 0 0 1 1
Test850	0.943441077	5	0 1 1 0 1	1 0 1 1 1	0 1 1 0 0	1 0 1 1 1	1 0 0 1 1	1 0 0 1 0
Test851	0.527705189	5	0 0 0 1 0	0 1 0 1 0	1 1 1 0 1	0 1 0 1 0	1 0 0 0 1	0 1 1 1 0
Test852	0.291716639	5	1 0 1 1 1	1 1 1 1 1	1 0 1 0 1	1 1 0 1 0	0 1 0 1 0	0 1 1 0 1
Test853	0.572920036	5	0 1 0 1 0	0 0 0 0 0	0 0 1 1 0	0 0 0 1 1	0 1 1 1 1	0 0 0 0 0
Test854	0.774875975	5	1 0 1 0 1	1 0 1 1 1	1 0 1 1 0	0 0 1 1 1	1 0 1 0 1	0 0 1 1 0
Test855	0.377132115	5	0 1 1 1 1	1 1 0 0 1	0 0 0 0 0	1 0 0 0 1	0 0 0 1 1	0 0 1 0 0
Test856	0.280484662	5	1 0 1 0 1	0 0 1 0 1	1 1 0 0 1	1 1 1 1 0	0 1 0 0 1	1 1 1 1 0
Test857	0.145809669	5	0 1 1 1 0	0 1 1 0 1	0 1 0 1 0	0 1 1 1 1	1 0 1 1 1	1 0 0 0 1
Test858	0.443389637	5	0 1 0 1 0	0 1 1 1 1	1 1 0 0 1	1 1 1 1 0	1 1 0 0 0	1 1 0 1 0
Test859	0.094182579	5	1 1 1 0 1	0 1 0 0 1	1 1 0 1 1	0 0 1 1 1	0 1 0 0 1	0 0 0 0 1
Test860	0.08372758	5	0 1 0 1 1	1 1 0 0 0	0 1 1 0 1	1 1 0 0 1	1 1 0 1 0	1 1 1 0 1
Test861	0.228617856	5	0 0 0 1 0	0 0 1 0 1	0 1 1 1 1	0 0 0 0 0	1 1 1 1 1	1 0 1 1 1
Test862	0.800537895	5	1 1 0 0 0	1 1 0 0 0	1 0 1 0 0	1 1 1 0 1	0 0 0 0 1	0 1 0 0 0
Test863	0.744287589	5	1 0 0 0 1	0 0 0 1 0	1 0 0 1 0	0 0 0 1 1	0 0 0 0 1	0 0 0 1 1
Test864	0.232647403	5	0 0 0 1 1	1 0 1 1 1	1 0 1 0 0	1 0 1 0 0	0 1 1 1 0	1 1 0 1 0
Test865	0.310136909	5	0 0 0 0 1	1 1 1 0 1	0 0 1 0 0	0 0 1 0 1	1 0 0 0 0	0 1 1 0 1
Test866	0.902919572	5	0 0 1 1 0	0 1 1 0 0	0 0 1 1 1	0 0 1 1 0	0 0 1 0 0	0 1 1 1 1
Test867	0.443592275	5	1 1 1 0 0	1 0 0 1 0	1 1 1 1 0	0 1 1 0 0	1 1 0 1 1	0 0 1 1 1
Test868	0.946518936	5	1 1 1 0 0	1 1 0 1 1	0 0 0 0 0	0 1 0 1 0	1 1 0 1 1	1 0 1 1 0
Test869	0.320384439	5	0 1 0 0 1	1 0 0 0 0	1 1 1 1 1	1 0 0 0 1	0 0 0 0 1	1 0 1 1 0
Test870	0.888195603	5	0 0 0 0 0	1 1 0 0 0	1 0 0 0 0	1 1 1 0 1	0 1 1 1 1	1 1 0 1 0
Test871	0.935203533	5	1 1 0 1 0	0 1 0 1 0	0 0 0 1 0	0 0 0 0 0	0 1 1 1 0	1 1 1 0 0
Test872	0.798167444	5	0 0 1 1 1	0 1 0 1 0	1 0 0 1 0	0 0 0 0 0	0 1 0 1 1	1 0 1 0 0
Test873	0.348360248	5	0 0 1 1 0	0 1 1 1 0	0 1 1 1 1	0 0 1 1 0	0 0 1 1 1	0 0 1 1 0
Test874	0.13525545	5	0 0 1 1 1	0 1 1 0 1	1 0 0 1 1	1 1 0 0 0	0 1 1 0 1	0 1 1 0 0
Test875	0.611212432	5	0 0 0 0 1	1 0 0 1 1	0 0 0 0 1	0 0 0 1 1	0 1 1 0 1	1 1 1 0 1
Test876	0.988467007	5	0 1 0 1 0	1 0 0 0 1	1 1 1 1 1	0 1 0 0 0	0 0 0 0 0	0 1 1 0 0
Test877	0.028194655	5	1 0 0 0 1	1 1 1 1 1	1 0 1 1 1	0 0 0 0 0	0 0 0 0 1	1 1 0 0 0
Test878	0.704788571	5	1 1 1 1 0	1 0 1 1 0	1 0 0 1 1	0 0 1 1 1	1 0 1 0 1	0 1 0 0 1
Test879	0.33811288	5	1 0 1 0 1	1 0 1 1 0	1 1 0 1 1	0 1 1 1 1	1 0 1 0 0	0 0 0 1 1
Test880	0.920432596	5	0 0 0 1 1	1 1 1 0 1	0 0 0 1 1	0 0 0 1 1	1 0 0 1 0	0 1 1 0 0
Test881	0.540290892	5	1 0 1 1 0	0 1 1 1 0	1 1 1 0 1	1 1 0 0 0	0 1 0 0 0	1 0 1 0 1
Test882	0.74889116	5	0 1 0 0 1	1 0 1 1 1	0 1 1 1 1	0 0 1 1 1	1 0 1 0 1	0 0 0 1 1
Test883	0.586174903	5	0 1 0 1 1	0 0 0 1 1	0 0 1 1 0	0 1 0 0 1	0 0 1 1 1	0 0 0 0 0
Test884	0.438010694	5	0 0 0 0 0	1 0 0 0 0	1 1 1 0 0	0 0 0 1 0	1 0 0 1 0	1 1 1 0 0
Test885	0.877320182	5	0 0 1 0 0	0 1 1 1 0	1 0 1 0 1	0 0 0 0 0	1 0 1 1 1	0 1 0 0 0
Test886	0.92832872	5	1 0 1 1 1	0 0 0 0 1	1 1 0 0 0	1 0 0 0 0	1 1 1 0 0	0 0 0 1 0
Test887	0.396320866	5	0 1 1 1 1	1 0 1 0 0	1 0 0 1 1	1 1 0 1 1	0 0 1 1 1	1 0 1 0 0
Test888	0.1383592	5	0 1 0 0 1	0 1 0 1 0	1 1 1 0 1	0 0 0 0 1	0 1 1 1 1	1 0 0 0 0
Test889	0.487210055	5	1 0 0 0 0	1 1 0 0 1	1 0 0 1 0	0 1 0 0 1	0 0 1 0 0	1 0 1 1 0
Test890	0.682860008	5	1 0 0 1 1	1 0 0 0 1	1 0 0 0 1	1 0 0 1 0	1 0 0 0 0	1 0 0 0 1
Test891	0.860369451	5	1 1 1 1 0	0 0 1 0 1	0 1 1 0 1	0 0 1 1 0	1 0 0 1 0	0 0 0 1 0
Test892	0.270886203	5	0 0 0 0 0	0 0 1 1 0	0 1 1 1 1	1 1 1 1 0	1 1 1 1 0	0 1 0 0 1
Test893	0.613231922	5	1 0 0 0 0	1 1 0 0 0	0 1 1 1 0	1 0 1 0 0	0 1 0 1 1	1 1 0 0 1
Test894	0.254956558	5	1 1 0 1 1	1 0 0 0 0	0 0 1 1 0	0 1 1 1 0	1 0 0 0 0	1 0 0 1 1
Test895	0.755557432	5	1 1 0 1 0	1 0 1 0 1	0 0 0 0 0	0 0 0 1 0	0 0 0 0 0	0 1 1 0 1
Test896	0.095137036	5	1 0 1 0 1	0 0 0 1 0	0 0 0 1 0	0 0 0 1 0	1 1 1 1 0	0 1 0 0 1
Test897	0.645926058	5	1 0 0 0 1	0 1 0 0 1	0 0 0 0 0	0 0 1 0 0	0 0 0 0 0	1 1 1 0 0
Test898	0.805976915	5	1 0 1 1 0	0 0 0 0 1	1 1 0 1 1	1 0 1 1 1	0 1 1 0 0	1 0 1 1 1
Test899	0.570847401	5	1 0 0 0 1	1 1 1 1 1	0 1 1 0 1	0 0 1 0 0	0 1 0 0 1	0 1 1 1 0
Test900	0.294888601	5	0 1 1 0 1	0 0 0 0 1	1 1 0 0 0	0 1 1 0 0	1 0 0 0 1	0 1 0 0 1
Test901	0.145256106	5	1 1 1 1 0	1 1 1 0 0	0 1 0 0 0	0 0 1 1 0	0 1 0 0 1	0 0 1 0 1
Test902	0.717609262	5	0 1 1 1 1	1 0 1 1 0	0 0 1 0 0	0 1 1 0 1	0 1 0 1 1	1 1 0 1 1
Test903	0.391583672	5	1 0 1 0 1	0 1 1 1 0	1 1 1 0 0	0 1 1 1 0	0 0 1 1 0	0 1 1 1 1
Test904	0.640043296	5	0 1 1 0 1	1 0 1 0 1	1 1 0 1 1	1 1 0 0 1	0 1 1 0 0	1 0 1 1 0
Test905	0.119144197	5	0 0 0 0 1	0 1 1 0 1	0 1 0 1 0	0 0 0 1 1	1 1 0 0 1	1 1 1 0 0
Test906	0.800644603	5	0 1 0 1 0	1 1 1 1 0	1 1 1 0 1	1 0 0 1 1	1 1 0 1 1	0 0 0 0 1
Test907	0.523554981	5	1 0 0 0 1	0 0 1 1 1	0 0 1 1 1	0 1 1 0 1	1 1 0 1 0	0 0 1 1 0
Test908	0.234328172	5	0 0 0 1 0	1 1 0 0 0	1 1 1 0 0	0 0 1 0 0	1 0 1 1 1	1 0 1 0 1
Test909	0.66841291	5	0 0 0 1 0	0 0 0 0 0	1 0 1 1 0	1 1 1 1 1	0 0 0 0 0	0 1 0 1 1
Test910	0.405835976	5	1 0 0 0 0	0 1 1 0 1	1 0 0 1 1	0 0 1 0 0	0 0 1 1 1	0 1 1 0 1
Test911	0.85272088	5	1 1 1 1 0	1 0 0 0 0	1 0 1 0 0	1 1 1 0 1	0 1 1 1 0	0 1 0 0 1
Test912	0.265595593	5	1 1 0 1 1	0 1 1 1 1	1 1 1 1 1	0 0 0 1 0	1 1 0 0 1	1 0 0 0 0
Test913	0.139650151	5	1 1 0 0 0	1 1 0 1 1	0 0 1 1 1	0 0 1 0 1	0 0 0 1 0	0 0 0 1 1
Test914	0.420440257	5	1 1 0 0 0	1 1 0 0 0	1 1 1 1 0	0 1 0 1 1	1 1 1 0 0	0 1 0 0 1
Test915	0.103508619	5	1 1 1 0 1	1 0 1 1 1	1 1 0 1 1	1 1 0 0 0	1 1 1 1 0	1 0 1 1 1
Test916	0.296024762	5	1 1 1 0 1	1 0 0 0 1	1 1 1 1 0	1 0 1 1 1	1 0 1 1 0	1 0 0 1 1
Test917	0.817427981	5	1 1 1 0 1	0 0 1 0 1	1 0 1 0 0	1 0 1 1 0	1 0 0 0 1	0 1 0 1 1
Test918	0.775282865	5	1 0 1 1 1	0 0 0 0 0	0 1 0 0 0	1 1 1 1 1	1 1 1 0 0	1 1 1 0 0
Test919	0.044100137	5	1 1 1 1 0	1 1 1 1 1	0 0 0 0 1	0 0 1 0 1	1 0 0 0 0	1 0 1 0 1
Test920	0.680816364	5	1 0 0 0 0	1 1 0 0 0	0 0 1 0 1	0 1 1 1 1	0 0 0 1 1	0 0 0 0 1
Test921	0.807717005	5	1 0 1 0 1	1 1 1 1 1	1 0 1 0 1	1 0 1 1 1	1 1 1 1 1	1 0 1 1 1
Test922	0.998885027	5	1 1 1 0 1	1 0 1 1 1	1 1 1 0 0	0 0 0 1 0	0 1 1 1 1	1 1 0 1 1
Test923	0.138898439	5	1 1 1 0 1	1 0 0 1 0	0 1 1 1 1	1 1 0 0 1	0 1 0 1 0	1 0 0 1 1
Test924	0.722283043	5	1 0 1 1 1	0 1 0 0 0	1 0 0 0 1	0 1 0 0 1	0 0 1 0 0	0 0 0 1 1
Test925	0.417717631	5	0 1 1 0 0	0 1 1 1 0	1 1 0 1 1	1 1 1 0 1	0 0 0 1 0	0 0 1 1 0
Test926	0.460207112	5	1 0 1 0 1	0 1 0 0 1	1 1 1 0 0	0 0 0 1 1	1 1 1 1 1	1 1 1 0 0
Test927	0.33776232	5	0 1 0 1 1	0 1 1 0 0	0 0 0 0 0	1 1 1 0 0	0 0 1 1 0	1 1 1 0 1
Test928	0.517340776	5	1 0 1 1 1	1 0 0 0 1	1 0 1 0 0	0 0 1 1 0	0 1 1 0 1	1 1 0 0 1
Test929	0.983273023	5	0 0 0 1 1	0 0 1 0 1	1 0 0 1 1	1 1 1 0 1	0 1 1 1 0	0 0 1 1 0
Test930	0.153462786	5	0 0 0 1 0	1 1 0 0 1	0 0 1 1 1	1 1 1 1 1	1 0 1 0 0	1 0 1 1 1
Test931	0.833970373	5	0 1 0 1 1	1 0 1 0 0	1 0 1 0 0	1 1 0 0 1	0 0 0 0 0	1 0 0 1 0
Test932	0.684325133	5	0 1 0 1 1	1 1 1 0 1	0 1 0 0 0	1 1 1 0 0	0 1 0 0 0	0 1 0 1 0
Test933	0.592172801	5	1 0 0 0 1	0 0 1 0 1	1 1 0 0 0	1 0 1 0 1	0 1 1 1 1	1 0 1 1 0
Test934	0.282586234	5	0 1 1 1 0	1 1 1 0 1	1 1 1 0 0	1 1 0 0 0	0 0 0 0 0	1 0 1 1 1
Test935	0.139736619	5	1 1 1 0 0	0 0 0 1 0	0 0 0 1 1	0 0 0 0 1	0 0 0 1 1	1 1 1 1 1
Test936	0.741002396	5	1 0 0 0 1	1 1 1 1 1	0 1 1 0 1	0 1 1 1 1	1 0 0 0 0	1 1 1 0 0
Test937	0.128537107	5	0 0 0 1 1	1 0 0 1 1	1 1 1 0 0	0 1 1 0 1	0 1 0 0 1	0 1 0 0 0
Test938	0.816397193	5	0 1 1 0 1	0 0 0 0 1	1 1 0 0 0	1 1 0 1 0	1 0 1 1 1	1 1 0 0 1
Test939	0.740740958	5	1 1 1 1 1	1 1 0 1 1	1 0 1 1 0	0 0 0 0 1	1 1 1 0 0	0 1 1 1 1
Test940	0.921843554	5	0 1 0 0 0	1 1 1 1 1	0 1 0 0 0	0 0 1 0 1	0 1 1 1 1	1 0 1 0 1
Test941	0.335582244	5	1 1 0 1 1	1 0 0 1 1	1 1 1 1 1	1 1 0 0 0	1 0 1 0 0	1 1 0 1 1
Test942	0.362527448	5	0 1 0 0 0	0 0 1 1 0	0 0 0 0 0	1 1 0 0 0	0 1 1 0 0	1 1 0 1 0
Test943	0.800781954	5	0 0 1 0 1	1 1 0 1 1	0 0 0 0 1	1 1 0 0 1	0 1 0 1 1	0 1 1 0 1
Test944	0.110175239	5	0 0 1 0 1	0 1 0 1 0	0 1 1 1 0	0 1 0 1 0	0 1 1 1 0	0 0 1 0 1
Test945	0.481877282	5	0 1 1 0 1	1 1 1 0 1	0 1 0 0 0	0 1 0 0 1	0 0 0 0 0	1 0 0 0 1
Test946	0.421770796	5	1 1 0 0 0	1 1 1 1 0	0 0 0 0 1	0 1 1 0 1	1 1 0 1 0	1 0 0 0 0
Test947	0.72792978	5	0 0 0 1 1	1 1 0 0 1	0 0 1 0 0	0 0 1 1 1	0 1 0 0 0	1 0 0 0 1
Test948	0.135837065	5	1 1 0 1 0	0 0 1 1 0	0 1 0 0 0	1 1 0 1 1	1 0 0 1 0	1 1 1 0 1
Test949	0.893681043	5	1 0 1 0 1	1 1 1 0 0	1 0 1 0 1	1 1 0 1 0	1 1 0 1 1	1 1 1 0 1
Test950	0.875274551	5	1 1 0 0 1	0 1 1 1 1	1 0 1 0 0	1 1 1 0 1	1 0 1 1 1	0 1 0 0 0
Test951	0.245580191	5	0 1 1 1 0	0 0 0 0 1	1 1 0 0 1	1 1 0 1 1	0 0 1 0 0	0 1 0 0 1
Test952	0.764109574	5	1 0 0 0 1	1 0 1 0 1	1 1 0 0 1	1 0 0 0 0	0 0 1 0 0	0 1 0 0 1
Test953	0.360661597	5	0 0 0 1 0	0 1 0 0 0	1 0 0 0 1	0 1 0 1 0	1 0 0 0 0	0 0 0 0 1
Test954	0.297349124	5	0 1 1 0 0	1 0 0 0 1	0 1 1 1 1	0 1 0 0 1	0 0 0 0 1	1 1 0 1 0
Test955	0.034740178	5	0 1 0 0 1	0 0 1 1 1	0 0 0 1 0	0 0 0 1 0	1 0 1 1 0	1 1 0 0 0
Test956	0.805400203	5	1 1 1 1 1	0 0 0 1 1	1 0 0 1 1	0 0 0 0 0	0 1 0 1 0	0 0 1 0 1
Test957	0.715380717	5	1 1 1 0 1	0 0 0 0 1	0 1 1 0 0	0 0 1 0 0	1 0 0 0 0	0 0 1 0 0
Test958	0.841291854	5	1 1 1 0 0	0 1 0 1 0	0 1 0 0 1	0 0 0 1 1	0 1 0 0 1	1 0 1 0 1
Test959	0.062465672	5	0 0 0 0 1	1 1 1 1 0	1 0 1 1 1	1 0 0 1 1	1 1 0 1 0	0 0 0 0 1
Test960	0.629600084	5	1 1 0 1 1	1 0 0 0 0	0 0 0 1 1	1 0 0 1 0	0 1 1 1 1	1 0 1 0 1
Test961	0.737762769	5	1 1 0 0 0	0 0 1 0 1	0 1 0 1 1	1 1 0 1 1	0 1 1 1 1	0 0 0 1 0
Test962	0.08978986	5	1 1 0 0 1	1 0 0 0 1	1 0 0 1 1	1 0 0 1 0	0 0 1 0 0	0 1 1 0 1
Test963	0.012807741	5	0 1 0 0 1	0 0 0 1 0	1 0 0 0 1	0 1 0 1 1	1 0 0 1 0	0 0 0 1 1
Test964	0.764835837	5	1 0 0 0 0	1 1 1 1 0	1 0 1 1 0	0 0 0 1 1	0 0 1 0 0	1 1 1 1 1
Test965	0.988733595	5	1 0 0 0 1	0 0 1 1 1	1 1 0 0 1	0 1 1 0 1	1 1 1 0 1	1 1 1 1 1
Test966	0.212336381	5	1 1 0 0 0	0 1 1 1 0	1 0 1 1 0	1 0 0 0 1	1 0 1 0 0	0 0 1 0 1
Test967	0.854215477	5	1 0 0 0 0	0 0 0 0 1	1 1 1 1 1	1 0 1 1 1	0 0 1 1 1	1 1 1 1 0
Test968	0.351187994	5	0 0 1 0 1	1 0 0 1 1	1 0 1 0 0	0 1 0 1 1	1 1 1 0 1	1 0 1 0 0
Test969	0.469824675	5	0 0 1 1 1	1 1 1 0 1	0 0 1 0 0	0 1 0 1 0	1 0 0 0 1	0 0 1 0 1
Test970	0.086992542	5	1 1 0 0 1	1 0 0 1 0	0 0 1 1 0	0 1 1 0 0	0 0 0 0 0	0 0 0 0 1
Test971	0.228119489	5	0 0 0 1 1	0 1 1 0 0	1 0 0 1 0	1 1 1 0 0	0 0 0 0 0	0 0 0 0 1
Test972	0.862941058	5	0 1 1 0 0	1 0 0 0 1	1 0 0 1 1	0 0 0 1 0	1 1 1 1 0	1 0 0 1 0
Test973	0.282840405	5	1 0 1 0 1	0 0 0 1 0	0 1 0 1 1	1 0 0 1 0	0 0 0 1 1	0 1 1 0 1
Test974	0.173635701	5	0 0 0 0 0	1 0 1 1 1	0 0 1 1 1	1 0 0 0 1	0 1 1 1 0	0 1 1 1 1
Test975	0.472681961	5	0 1 1 1 1	1 1 1 1 1	1 0 1 1 0	1 1 0 1 0	1 0 0 0 1	0 1 1 0 1
Test976	0.334381325	5	0 0 0 0 1	1 0 0 1 1	1 1 1 0 1	0 1 1 0 1	0 1 1 1 0	0 1 1 0 0
Test977	0.914837019	5	0 0 1 1 0	0 1 0 0 0	0 1 0 0 0	0 1 0 1 0	0 0 0 1 1	0 1 1 1 1
Test978	0.319545128	5	1 0 1 1 1	0 1 0 0 0	0 1 1 0 1	1 1 0 0 1	0 1 0 0 0	0 0 0 1 1
Test979	0.878856109	5	0 1 0 0 1	0 1 0 0 0	1 1 0 0 1	0 0 0 0 1	0 0 0 0 1	1 1 0 0 0
Test980	0.013785663	5	0 0 0 0 0	1 1 0 0 1	0 0 0 0 1	1 0 1 1 1	1 0 1 1 0	1 1 0 0 1
Test981	0.33758279	5	1 1 0 0 1	0 0 1 1 1	1 0 0 1 1	0 1 0 1 0	1 0 1 0 0	1 0 0 1 1
Test982	0.026249772	5	0 0 1 0 0	0 0 1 0 1	0 1 0 0 0	1 1 0 1 1	0 1 1 0 0	1 1 1 1 0
Test983	0.082333382	5	1 0 1 1 1	1 0 0 0 1	1 1 1 1 1	0 0 0 1 1	0 0 1 1 0	1 1 1 0 0
Test984	0.900016886	5	0 0 0 0 1	0 1 1 1 1	1 0 0 0 0	1 1 1 0 1	0 0 1 0 1	0 0 1 1 0
Test985	0.200897306	5	0 0 0 1 1	0 1 1 1 0	0 1 1 1 1	0 0 1 0 0	1 0 1 0 0	1 0 0 1 0
Test986	0.013821067	5	1 1 1 1 1	1 0 1 1 1	1 0 1 1 1	0 0 1 0 1	1 0 0 0 0	0 1 0 1 0
Test987	0.72452239	5	0 0 0 0 0	1 0 1 0 1	0 0 1 1 0	1 1 1 0 1	0 0 1 1 1	0 1 0 0 1
Test988	0.731588423	5	1 1 0 1 1	0 1 0 0 0	0 1 0 1 0	1 1 1 0 0	0 0 1 0 0	0 0 0 0 1
Test989	0.188396967	5	0 0 0 0 1	0 1 0 1 1	0 1 1 0 0	1 0 0 1 0	0 0 1 1 0	1 0 0 1 0
Test990	0.76131709	5	0 0 1 0 0	0 1 1 0 1	1 0 1 0 0	1 1 1 0 1	1 1 1 1 0	1 1 1 1 0
Test991	0.014867498	5	0 1 0 0 1	0 0 1 1 1	0 1 0 0 1	1 1 1 1 0	0 1 0 0 0	1 0 0 0 1
Test992	0.793468495	5	1 1 0 1 0	0 0 1 1 0	0 1 1 1 1	0 0 0 1 1	0 1 0 0 1	1 1 0 0 1
Test993	0.379668702	5	1 1 0 1 1	0 0 1 1 1	1 0 0 0 0	0 1 1 0 1	0 0 0 0 1	0 0 0 0 0
Test994	0.078716374	5	0 1 0 1 1	0 1 0 1 1	0 1 0 1 0	0 0 1 0 0	0 1 0 1 0	0 0 1 0 0
Test995	0.905194853	5	0 0 0 0 0	0 0 1 0 1	0 0 1 0 0	1 1 0 1 1	1 0 0 1 0	0 1 0 0 0
Test996	0.423556172	5	1 0 1 1 0	1 0 0 1 0	1 1 1 0 1	0 0 1 0 0	1 0 1 1 1	0 1 0 1 0
Test997	0.793385778	5	0 1 0 0 1	1 1 0 1 1	0 0 0 0 0	0 1 1 1 1	0 0 1 0 0	1 1 0 0 1
Test998	0.76427614	5	1 1 0 0 1	0 1 1 1 0	0 0 0 0 0	0 1 0 1 1	0 1 1 0 0	1 0 0 0 0
Test999	0.423136556	5	0 1 0 0 0	0 1 0 0 1	1 1 0 1 0	1 1 0 1 1	1 0 0 1 0	1 0 0 1 0
Test1000	0.268595107	5	0 1 0 0 1	1 0 0 1 1	0 0 1 1 1	0 1 0 0 0	0 1 1 1 0	1 1 0 1 1